11 24 24 24 2 33 33 24 1 13
0 33 28 24 24 10 1 7 1 24
13 1 24 33 24 24 24 24 24 33
30 24 24 24 28 28 2 33 24 24
31 33 2 33 24 24 24 2 24 33
24 33 24 24 2 33 2 33 33 30
5 1 24 24 33 24 24 2 33 24
3 24 24 3 24 28 28 1 24 33
26 24 28 33 28 24 2 33 24 28
3 7 1 2 2 33 24 10 1 24
4 1 24 24 2 24 24 24 24 17
0 24 24 24 24 24 2 33 1 24
25 24 13 1 24 2 33 33 24 24
0 28 33 13 1 33 1 7 1 24
19 1 2 24 24 2 33 33 24 24
20 33 24 24 24 24 28 28 28 24
32 1 33 33 24 24 24 15 1 24
33 2 2 33 2 33 24 28 24 24
4 1 28 28 33 2 33 24 28 24
16 1 1 24 1 24 2 33 24 24
20 33 28 7 16 1 28 33 7 1
17 1 24 24 24 24 2 33 24 24
1 2 33 33 24 24 2 33 2 33
24 24 33 10 1 33 2 33 24 24
3 24 2 33 24 24 24 33 2 33
14 24 24 2 33 2 33 24 24 1
9 1 24 24 28 24 33 24 24 33
0 24 2 2 33 24 28 2 33 33
31 33 30 24 24 24 24 33 2 33
10 10 1 24 3 30 24 24 33 13
22 33 33 2 24 2 33 24 1 24
15 1 13 4 1 24 28 7 1 24
19 1 29 24 24 33 24 33 24 24
23 24 24 24 24 33 33 24 24 24
28 24 24 1 24 28 2 33 24 24
3 33 24 24 28 24 24 33 1 7
28 24 24 24 24 2 33 24 24 24
7 1 24 5 1 2 33 33 2 33
32 1 28 32 1 24 24 28 24 2
19 1 24 33 10 1 2 24 24 24
2 28 24 2 33 2 33 24 33 24
11 24 28 24 21 1 28 24 24 28
12 24 28 2 33 24 24 1 28 24
7 1 7 1 24 33 24 2 33 24
10 1 28 24 2 33 2 33 24 24
16 1 2 33 24 24 24 24 33 24
31 33 28 24 24 33 2 33 1 24
21 1 2 33 33 24 24 24 24 24
4 1 24 24 24 33 4 16 1 33
12 24 24 33 1 24 24 10 1 24
33 24 24 24 24 1 2 33 28 2
1 24 28 24 33 24 2 33 1 24
32 1 33 24 28 24 33 2 33 2
17 1 24 28 24 7 1 1 24 1
26 24 24 2 33 33 24 2 24 28
8 1 4 1 24 2 33 28 24 33
12 24 24 28 33 10 1 24 24 2
19 1 24 28 28 24 24 2 33 33
15 1 24 33 24 33 22 33 2 33
8 1 24 24 24 2 33 24 24 2
12 33 28 24 2 33 24 2 24 24
3 24 24 24 2 33 2 33 24 24
5 1 24 2 33 24 2 24 24 2
24 24 24 24 11 33 24 24 7 1
3 24 33 8 1 24 33 24 24 33
27 24 24 24 24 24 28 24 33 2
5 1 24 2 33 24 24 24 33 2
28 2 33 1 2 33 24 24 2 33
6 1 33 28 24 2 33 24 13 1
2 33 24 2 33 24 24 24 24 24
25 24 24 24 24 2 33 13 28 24
1 24 24 24 33 28 28 19 1 2
27 24 33 24 24 4 1 2 33 24
24 33 33 2 33 7 1 24 24 24
17 16 1 24 24 33 24 24 13 1
8 1 33 19 1 24 7 1 24 33
23 33 2 24 24 33 24 24 3 24
7 1 2 33 24 2 33 24 24 28
19 1 3 24 24 11 24 24 16 1
20 2 33 28 33 2 33 24 28 24
20 33 28 24 28 2 33 28 24 24
0 9 1 24 28 28 24 3 33 24
14 24 24 24 24 2 33 33 24 28
11 24 1 1 24 2 33 24 24 24
0 24 28 1 24 2 33 1 24 28
3 2 33 2 33 2 33 2 33 7
0 24 24 24 24 28 33 28 1 2
24 24 24 28 24 24 28 24 2 33
27 2 33 24 13 1 28 24 24 24
20 33 2 33 24 28 24 24 24 4
8 1 24 33 33 24 24 33 24 24
2 33 33 24 24 2 24 24 24 24
28 24 2 24 33 24 24 33 19 1
1 13 1 11 24 24 24 24 24 24
22 33 24 33 2 33 24 24 4 16
10 1 28 28 28 33 7 1 22 33
26 33 33 16 1 24 24 24 24 24
15 1 28 24 24 24 33 2 2 33
0 24 24 19 1 24 24 33 24 24
4 1 24 24 33 24 24 1 24 28
6 1 33 24 2 33 28 2 2 33
2 33 24 24 28 33 24 13 1 28
15 1 24 24 24 28 1 24 28 24
12 24 28 24 1 28 2 33 24 24
33 24 24 24 24 24 24 24 28 13
27 24 24 24 24 7 1 28 2 24
30 24 2 33 24 24 2 33 28 24
4 1 33 24 33 24 28 24 24 24
11 24 28 24 2 33 24 24 33 28
30 24 24 2 33 24 24 2 33 24
21 1 24 33 33 24 33 24 24 2
10 28 24 4 2 33 24 13 1 2
19 1 33 10 1 24 24 24 33 24
22 33 2 33 33 24 2 33 24 24
18 2 33 24 28 24 2 33 28 24
2 33 24 2 33 2 24 24 27 2
26 24 24 33 24 1 7 1 2 33
31 33 28 2 33 33 33 24 2 33
33 24 1 24 24 24 24 2 33 28
7 1 24 24 1 13 1 24 28 33
16 1 24 24 1 2 33 33 24 24
9 1 3 24 24 24 24 24 33 24
3 33 24 33 24 24 2 24 24 24
20 33 28 4 1 13 1 24 24 2
27 24 24 2 33 24 13 16 1 24
0 2 33 24 24 24 33 24 24 11
16 1 24 24 24 28 7 1 24 28
15 1 24 7 1 1 24 13 1 24
6 28 2 33 24 4 1 0 28 21
4 1 7 1 24 33 1 24 24 28
21 1 33 2 33 24 24 1 24 24
9 1 28 24 13 1 19 1 24 2
13 10 1 24 3 33 33 2 33 33
25 33 24 24 24 13 1 2 33 24
0 24 24 2 33 2 33 24 24 24
30 24 24 1 2 33 24 24 24 24
9 1 24 33 33 24 28 2 33 24
9 1 24 28 33 7 1 13 1 28
30 24 33 19 1 2 33 24 24 24
8 1 24 1 24 24 24 24 33 28
2 33 33 24 24 24 1 2 33 28
23 14 24 24 33 28 24 24 28 13
11 24 24 1 33 4 1 33 2 33
12 24 24 2 33 33 28 24 24 24
23 24 24 28 24 24 33 2 33 2
6 1 24 24 2 33 2 33 2 33
13 1 33 24 24 2 33 24 33 24
21 1 24 24 2 33 24 24 24 24
22 33 33 33 2 33 24 28 24 28
25 24 24 33 24 1 24 24 24 2
7 1 28 13 1 28 24 24 2 33
32 1 24 24 33 33 24 33 28 33
19 16 1 33 24 2 33 19 1 28
19 1 24 28 2 33 13 1 2 24
32 1 28 24 24 28 7 1 24 24
21 1 2 33 13 1 10 1 4 1
9 28 33 24 24 33 8 4 1 33
8 1 2 33 7 1 33 33 24 24
29 24 30 24 24 24 24 24 24 28
13 1 28 28 2 24 33 2 33 28
13 1 24 33 33 28 24 24 24 24
26 24 28 24 28 24 2 33 33 24
17 1 1 1 19 1 24 24 24 24
23 24 24 33 24 33 8 1 28 24
20 24 1 24 2 33 33 24 29 24
5 1 33 28 24 2 33 28 33 13
15 1 28 24 28 24 24 0 24 24
32 1 28 33 33 24 24 22 33 19
22 33 24 28 7 1 28 24 2 33
1 33 24 24 2 33 33 24 24 28
1 24 33 16 1 24 24 24 28 9
3 2 33 24 13 7 1 33 28 28
25 24 28 24 24 24 2 33 24 24
33 1 24 24 24 24 28 33 2 33
30 24 24 28 3 24 24 33 24 24
15 1 24 2 33 24 24 2 33 24
7 1 28 33 24 1 24 28 28 33
32 1 4 1 24 24 2 33 2 33
2 33 2 33 24 24 24 24 24 24
7 1 24 24 24 33 24 24 2 33
21 16 4 1 24 24 24 24 24 33
3 7 1 11 24 24 24 3 2 33
25 24 24 24 24 7 1 2 33 33
23 24 24 7 1 28 24 19 1 2
30 24 13 1 1 28 33 2 33 2
25 24 24 4 5 1 4 1 28 2
8 1 28 19 1 7 28 24 28 33
24 24 28 33 24 24 24 28 24 24
16 1 24 24 24 28 24 28 24 24
16 1 24 24 33 24 24 24 2 33
4 1 2 24 28 1 2 33 24 24
19 1 24 24 2 33 24 2 33 24
3 13 1 2 33 2 33 24 2 33
6 1 24 2 33 24 2 33 24 24
22 33 21 1 24 24 24 28 24 28
13 1 24 24 24 24 2 33 24 24
22 24 24 2 33 24 2 33 24 24
15 16 1 7 1 28 7 1 33 33
30 24 24 2 33 2 33 33 28 2
33 2 33 24 24 24 24 28 28 28
15 10 1 24 24 24 28 24 2 33
30 24 28 4 1 24 24 24 28 24
21 1 24 8 1 24 33 7 1 24
17 1 33 24 24 24 28 24 24 24
17 1 4 1 24 2 33 2 33 24
20 33 13 1 24 24 24 24 2 33
22 24 3 28 24 24 24 24 33 28
8 1 24 24 24 28 2 33 24 1
18 2 33 28 2 33 24 24 28 24
23 24 28 2 33 24 24 24 24 24
25 24 22 33 2 24 24 24 33 28
6 1 24 2 33 33 24 0 24 33
24 24 2 24 24 2 24 33 33 16
7 1 33 13 1 24 3 2 2 33
32 1 2 33 24 22 33 33 24 2
4 1 24 28 28 24 24 24 1 24
9 1 24 28 2 33 24 24 19 1
33 33 24 24 1 28 24 28 24 24
4 1 28 9 1 24 24 24 24 24
4 1 2 33 28 24 24 13 1 2
17 1 2 24 2 33 24 24 24 2
27 2 24 24 9 1 4 1 2 33
27 24 28 24 24 24 24 24 7 1
17 1 24 24 28 19 1 33 24 24
19 28 33 2 33 24 13 1 24 24
19 10 1 24 24 28 24 24 33 24
26 24 28 2 33 2 33 1 24 24
0 28 24 24 33 33 28 24 24 24
6 1 24 33 2 33 24 29 24 24
18 2 2 33 19 1 24 24 7 1
28 24 24 30 24 2 24 2 33 24
15 1 24 24 24 24 33 24 33 8
3 24 24 28 7 1 24 33 28 24
3 28 24 19 1 16 1 24 24 33
24 24 28 24 7 1 24 2 33 24
9 1 7 1 1 24 24 2 33 24
8 4 1 28 24 2 33 24 24 1
23 2 33 33 24 24 22 33 24 24
4 1 24 28 28 24 24 33 33 24
21 1 33 24 24 2 33 7 16 1
16 1 24 24 28 24 2 33 28 24
5 1 2 33 24 24 24 1 1 2
4 1 24 28 24 24 13 5 1 33
25 24 24 28 24 24 7 10 1 2
2 24 24 24 28 24 21 1 24 1
22 33 24 2 33 24 2 33 33 2
30 24 24 24 2 33 24 2 33 24
21 1 24 24 33 2 33 2 33 24
14 24 33 24 28 4 1 24 33 24
15 1 7 1 24 1 28 24 24 24
17 16 1 24 28 2 33 24 2 24
2 33 24 2 33 24 24 33 2 33
9 2 33 24 24 2 2 33 28 24
31 33 33 28 24 28 24 24 28 2
20 24 24 1 28 33 24 24 33 2
16 1 28 33 24 33 24 24 24 24
26 24 24 33 33 24 4 28 24 24
33 2 33 24 13 1 24 24 2 33
20 33 28 23 1 24 24 24 7 1
17 1 24 24 24 24 24 24 24 24
18 33 24 28 28 24 24 33 16 1
26 24 33 7 1 28 30 24 24 33
27 28 24 24 24 24 24 2 33 24
16 1 13 1 24 24 2 1 24 24
6 1 24 24 3 24 33 24 33 33
20 33 28 24 4 1 13 5 1 24
6 1 33 24 28 24 24 2 33 24
32 1 24 24 24 24 28 24 24 24
33 24 24 24 24 24 24 24 28 24
30 24 24 24 33 24 2 33 24 24
8 28 24 24 33 2 2 33 24 24
8 1 2 33 24 24 10 1 24 33
20 33 33 24 24 33 24 33 24 30
29 24 24 24 33 22 2 33 33 24
1 28 24 24 2 33 33 24 24 24
17 1 33 28 7 1 1 24 5 1
12 24 2 33 28 24 24 19 1 2
30 24 24 24 24 2 33 24 33 33
5 1 24 24 2 33 24 28 28 24
21 1 24 1 2 33 24 33 28 33
24 28 24 24 7 5 16 1 33 24
4 1 24 24 24 24 33 24 24 24
31 24 2 33 24 24 2 33 24 33
32 16 1 4 1 24 33 2 2 33
3 2 33 24 24 3 2 33 24 24
23 24 28 28 28 33 24 24 24 28
13 1 24 24 2 33 10 1 28 27
24 24 24 24 24 24 28 2 33 33
0 24 24 2 33 2 33 7 1 2
30 24 2 2 33 2 33 13 1 24
18 33 28 24 33 1 24 24 7 1
14 24 24 24 13 1 24 24 28 24
19 1 24 24 24 24 24 1 24 2
2 33 33 28 2 33 2 33 28 24
5 1 2 24 24 24 28 33 33 24
13 1 2 33 2 33 24 28 24 2
0 11 24 9 1 24 24 24 13 1
18 33 33 24 24 24 2 33 28 24
17 4 1 2 33 33 24 2 33 24
8 1 24 16 1 24 24 1 28 11
28 16 1 1 13 1 24 28 24 33
2 33 24 33 28 33 0 24 1 24
8 1 24 24 24 24 24 24 33 2
6 1 2 33 7 1 2 33 2 33
27 2 33 24 24 24 24 2 33 19
7 1 13 33 24 0 24 24 24 24
7 28 24 33 24 24 28 24 24 14
12 24 2 33 4 1 2 33 24 24
2 24 24 2 33 3 24 24 33 24
25 24 33 24 33 33 33 24 4 1
18 24 24 2 28 2 33 33 7 1
18 33 24 24 24 24 24 28 28 24
10 1 7 1 4 1 24 28 28 24
25 24 24 28 2 33 24 11 24 24
8 1 24 24 11 24 24 24 33 7
3 2 33 24 28 24 24 24 28 28
27 33 24 24 33 1 24 1 33 24
17 1 2 33 28 10 1 24 24 24
20 33 24 24 24 24 28 24 24 7
25 24 2 33 33 24 24 24 24 24
7 1 24 24 24 24 24 24 33 24
29 24 33 24 24 33 28 7 1 24
10 1 33 28 24 24 24 33 24 2
25 24 33 28 4 2 24 28 1 24
31 33 33 24 19 1 24 28 24 24
31 33 24 24 4 1 24 28 2 33
32 1 24 24 1 24 28 24 28 24
8 1 33 2 33 24 2 33 24 24
8 1 33 24 2 33 33 28 2 33
17 2 33 24 2 33 2 33 28 24
0 28 2 24 33 24 24 24 24 33
24 7 1 2 33 28 24 2 33 24
20 33 28 2 33 33 24 33 24 2
29 24 33 24 24 24 24 28 33 28
11 24 24 16 1 28 24 24 24 24
31 24 2 33 1 24 28 24 24 28
29 24 24 24 28 24 24 24 24 4
18 24 24 2 24 28 24 33 24 33
7 1 24 24 28 28 24 2 33 1
14 24 33 2 2 33 4 1 24 24
15 1 24 33 28 19 1 2 33 24
24 24 24 24 28 13 1 2 33 24
14 33 2 33 24 28 28 28 24 24
16 1 24 24 33 24 28 24 24 2
21 1 24 24 33 24 28 24 2 24
24 24 33 28 24 1 24 24 2 33
22 33 7 1 3 24 28 21 1 2
32 1 33 24 33 24 24 19 1 2
10 4 1 9 1 28 19 1 24 7
10 1 2 33 24 24 1 24 10 28
22 33 24 31 24 24 7 1 33 24
6 1 24 24 2 33 7 1 33 2
28 28 2 33 2 33 24 24 28 24
0 28 2 33 24 10 1 24 28 24
17 1 2 33 33 24 25 24 24 2
32 1 24 24 33 11 33 24 24 19
2 33 24 24 24 28 24 24 33 24
11 24 24 24 33 24 24 24 24 28
28 33 24 24 4 1 7 1 2 33
32 1 13 1 24 2 24 24 24 24
16 28 24 24 24 24 28 24 24 24
1 28 24 24 24 32 1 28 24 24
29 24 24 2 33 24 24 33 28 24
15 1 24 7 1 24 33 24 24 24
25 24 24 24 33 24 10 1 33 24
13 1 24 2 24 24 33 24 24 2
3 24 24 1 24 24 33 24 24 28
28 1 24 1 28 2 33 24 24 24
2 24 24 0 33 2 33 33 1 24
6 1 2 33 33 2 33 2 33 11
4 1 24 33 24 24 24 24 24 24
15 1 1 24 28 24 24 24 24 2
4 1 24 24 24 4 1 24 1 24
20 33 24 24 24 24 24 33 24 28
21 1 33 24 28 24 24 24 24 28
15 1 28 2 33 24 24 24 2 33
13 10 1 24 24 24 24 24 24 24
15 1 13 1 24 24 28 24 28 24
31 33 24 7 1 28 24 33 28 24
29 24 24 24 24 2 33 2 33 24
5 1 1 2 33 24 24 24 24 24
14 24 33 24 24 2 33 24 24 7
1 24 28 24 33 28 7 1 1 22
9 1 13 1 24 33 24 1 24 28
1 24 2 33 24 24 5 1 28 24
29 24 33 24 24 24 2 33 28 24
8 1 24 24 28 28 28 24 24 1
30 24 24 24 24 33 24 33 24 28
10 1 24 24 24 33 28 24 1 24
31 33 2 33 24 30 24 33 2 33
31 33 28 24 2 33 24 28 33 24
23 5 1 2 33 28 24 33 4 1
8 1 7 1 24 2 33 2 33 24
31 33 7 4 1 24 2 24 2 33
25 24 24 4 1 24 24 28 24 7
29 33 24 24 24 28 24 33 7 1
33 2 1 24 24 24 1 24 24 24
21 1 2 33 1 6 1 24 24 24
15 1 24 28 28 24 24 24 24 28
31 33 2 33 28 2 33 24 24 24
24 28 33 2 33 24 24 24 24 24
6 1 1 28 24 28 2 33 24 24
25 24 28 33 28 28 24 33 33 24
26 24 33 9 1 33 24 33 24 24
28 24 24 28 24 33 28 2 33 24
8 28 33 27 1 33 28 33 2 33
18 33 33 24 24 24 24 33 24 24
12 24 24 17 1 2 33 24 10 1
33 24 28 24 28 24 33 28 22 24
17 1 2 24 24 24 24 31 33 24
6 1 28 30 24 33 24 24 24 24
17 3 24 24 24 24 24 24 2 33
10 1 24 33 24 24 28 24 33 28
21 1 24 24 24 2 33 24 24 24
19 1 24 24 2 33 24 7 1 24
5 1 28 2 33 33 7 1 2 33
10 2 33 2 24 24 24 28 24 33
33 24 24 24 24 24 24 28 33 2
33 24 24 24 24 33 28 7 1 28
24 24 2 33 24 24 2 33 2 33
27 24 10 1 33 28 2 33 2 33
25 24 2 33 33 24 33 2 33 33
27 2 33 24 24 24 33 2 33 24
9 1 24 24 33 33 28 28 28 24
26 33 28 2 33 2 33 24 33 2
3 24 28 24 2 33 24 2 24 2
17 1 24 2 33 30 24 24 2 33
18 24 33 24 1 33 24 24 24 2
29 24 24 24 2 33 24 2 33 28
6 1 24 24 24 24 24 1 24 24
1 19 1 28 24 24 24 7 1 24
17 1 24 2 33 24 2 33 24 24
3 22 33 24 4 1 2 33 24 33
0 24 2 33 24 24 24 24 33 28
33 24 28 24 24 24 1 24 2 33
28 2 33 33 7 1 2 33 24 1
6 1 7 1 2 33 24 19 1 2
13 1 24 24 24 1 24 33 2 33
24 24 24 2 33 24 33 2 13 1
27 24 24 3 24 28 24 24 2 33
7 1 24 33 2 33 28 2 33 2
30 24 28 31 33 16 1 24 2 33
2 33 24 2 33 33 24 24 9 1
29 24 28 33 33 10 1 2 33 1
6 1 2 33 24 24 24 8 1 33
22 33 33 1 2 33 24 24 33 2
22 33 24 24 13 4 28 2 33 24
15 1 24 33 2 33 28 24 15 5
1 33 2 33 2 33 24 2 33 33
23 28 28 33 28 33 2 24 24 24
22 24 1 24 24 2 33 33 28 24
5 1 24 28 24 24 1 24 2 33
18 24 24 24 24 24 2 24 1 9
13 1 2 24 24 24 24 24 4 1
14 24 28 19 1 24 2 33 24 2
0 28 2 24 24 28 1 13 1 24
26 24 28 24 33 21 1 24 24 24
21 1 28 2 33 28 2 33 24 24
13 4 1 24 24 1 1 24 2 33
16 1 24 1 24 24 24 24 24 33
19 1 0 1 33 28 28 33 24 33
8 1 33 2 33 2 33 28 2 33
24 24 28 24 24 24 24 24 28 24
1 1 7 1 24 28 33 24 24 1
1 0 24 24 28 2 33 24 24 2
3 24 2 33 24 24 33 1 13 1
6 1 13 1 28 24 13 1 33 28
25 24 7 1 13 1 24 24 2 33
33 24 2 33 13 1 24 2 33 33
9 1 24 24 24 24 24 19 1 24
17 1 1 24 24 28 24 24 2 33
18 33 2 33 33 33 24 7 1 24
4 1 24 24 24 24 24 28 2 33
5 1 24 24 2 33 24 28 24 24
6 1 24 24 2 33 24 2 33 8
17 1 2 33 28 24 24 19 1 24
23 24 24 24 2 24 33 28 24 33
25 24 24 24 11 24 24 2 24 24
26 24 24 2 33 28 24 24 33 24
8 1 24 24 18 33 24 28 2 33
32 1 24 28 24 2 33 2 24 24
1 24 24 28 24 7 1 33 2 33
25 24 24 7 1 28 24 28 33 33
28 4 1 32 1 33 24 2 33 2
7 1 28 33 24 24 2 33 24 13
8 1 2 33 33 33 28 7 1 13
9 1 24 1 24 24 2 24 24 24
28 24 24 24 24 24 2 33 28 28
0 33 24 33 24 4 1 24 2 33
0 2 33 24 24 24 24 1 24 24
22 33 28 1 24 28 24 33 24 28
4 1 2 33 33 24 33 24 24 28
30 24 24 24 28 24 2 33 2 33
15 1 13 1 10 1 33 28 24 24
25 24 24 24 24 24 2 33 24 24
31 33 28 24 24 2 33 24 4 1
7 1 24 24 24 7 1 2 24 24
2 33 24 24 2 33 24 2 33 24
30 24 24 30 24 2 33 24 33 2
16 1 24 2 33 24 24 24 28 28
17 28 2 33 13 1 24 33 2 33
18 33 24 1 24 24 24 7 1 24
11 24 13 1 24 24 7 33 24 24
29 24 2 33 24 33 24 24 24 2
28 2 33 24 24 33 2 33 2 2
21 1 24 33 24 33 24 24 24 24
0 24 24 24 24 24 30 24 2 33
14 24 24 19 1 24 2 33 33 31
31 33 24 28 24 24 24 2 33 24
4 1 33 2 33 28 2 33 28 24
6 1 13 1 24 33 24 2 33 1
15 1 24 24 28 24 24 24 24 2
27 33 24 24 24 24 24 24 24 24
16 2 24 24 24 2 33 24 24 33
31 24 24 28 3 28 2 33 2 33
29 24 2 33 24 1 24 2 33 24
20 24 24 24 33 24 2 33 2 33
17 1 24 33 24 24 24 24 24 28
6 1 2 2 33 24 28 24 28 1
13 1 24 33 2 33 7 11 33 24
33 24 24 24 28 24 33 2 33 24
31 33 33 28 24 24 24 1 24 24
17 1 21 1 24 24 24 33 24 28
10 1 24 6 1 28 33 28 28 24
15 1 7 1 24 2 24 28 24 24
23 24 24 2 33 33 24 28 24 3
6 1 24 33 24 1 24 2 2 33
17 1 33 5 28 24 2 33 24 24
26 24 24 28 2 33 24 24 2 33
28 24 27 13 1 24 24 24 24 24
29 24 24 24 2 33 24 13 1 24
3 33 24 2 2 33 33 33 24 24
4 1 13 1 24 24 2 33 28 24
7 1 24 2 33 2 33 33 24 24
20 33 24 24 33 24 24 24 2 24
31 24 2 33 24 28 24 28 2 2
26 33 24 2 33 33 33 24 7 1
31 2 33 28 24 24 24 24 24 1
10 1 24 24 2 33 24 33 2 33
15 1 24 28 24 28 24 24 24 24
12 24 24 33 24 24 2 33 24 24
27 2 33 28 24 33 24 24 33 28
7 1 28 24 19 16 1 24 24 24
30 24 33 24 2 33 24 2 33 28
31 33 2 33 10 1 24 19 1 24
21 1 24 9 4 1 24 4 1 33
11 24 24 1 24 24 33 2 33 24
8 1 24 24 2 2 33 33 24 2
1 24 24 33 24 24 24 33 24 24
28 24 24 2 33 24 33 22 33 10
0 33 24 24 27 28 2 24 24 28
1 24 24 2 33 24 24 24 7 1
4 1 2 33 24 24 28 24 2 33
25 24 28 7 1 33 2 24 2 24
14 24 24 0 13 4 1 33 33 28
2 2 33 24 2 33 24 24 28 24
22 24 24 33 33 24 24 24 24 0
25 24 24 33 24 33 24 2 33 24
29 24 24 24 33 24 28 24 28 24
17 1 24 24 33 33 24 7 1 28
15 1 2 33 24 2 33 33 2 33
27 24 2 33 24 2 33 33 24 2
28 24 24 24 24 2 33 28 24 33
28 33 24 24 24 28 24 24 24 24
27 9 4 1 24 13 1 28 33 2
11 24 32 1 24 2 33 2 33 24
4 2 33 28 33 2 33 24 24 24
31 33 2 33 24 28 24 2 33 33
24 33 24 2 24 24 24 24 7 1
0 33 13 1 24 24 24 2 24 1
15 1 33 24 24 1 33 28 28 24
17 1 28 24 33 24 24 2 33 2
6 1 24 24 7 1 7 1 24 1
20 33 24 2 33 24 24 24 24 33
24 33 4 1 24 7 1 33 24 24
24 22 33 24 33 24 24 33 24 24
20 33 12 24 24 24 13 1 24 19
12 24 2 33 24 28 24 28 33 24
11 24 33 24 24 24 24 24 33 2
7 1 2 33 13 1 1 28 2 33
3 33 2 33 24 24 2 33 24 24
25 24 24 24 28 24 24 24 7 1
20 33 28 2 33 24 24 24 24 24
5 1 28 15 2 33 33 24 24 24
18 24 33 24 33 24 1 2 33 13
17 1 24 2 24 24 2 33 33 24
5 16 1 24 24 2 33 2 33 24
6 1 7 1 33 33 2 33 24 24
29 24 24 24 24 24 33 24 33 28
19 1 28 28 24 24 24 24 2 33
29 24 24 24 21 16 1 28 24 24
16 1 1 24 2 33 2 33 24 24
21 1 24 33 28 24 24 24 24 24
31 33 28 24 24 24 24 24 7 1
21 1 24 24 33 24 24 1 31 33
5 1 24 28 24 28 0 33 24 2
21 1 2 33 33 24 24 24 2 33
20 33 24 2 33 24 33 24 24 2
4 1 10 1 24 24 24 24 24 24
23 29 24 7 1 21 1 24 28 24
26 24 2 33 2 33 1 3 24 28
11 24 24 13 1 24 7 1 24 8
22 33 24 1 33 24 24 33 24 33
17 1 24 2 33 1 7 1 24 33
27 28 24 24 16 1 13 1 28 24
3 33 24 24 33 24 9 1 28 24
3 24 13 1 33 7 1 24 2 33
24 2 33 33 24 24 2 33 24 24
2 24 1 24 28 28 28 24 24 4
26 33 24 24 24 24 24 2 33 2
15 1 24 28 28 2 33 24 24 24
10 1 33 2 33 24 2 33 24 24
3 2 2 33 24 2 33 28 33 24
6 2 33 24 33 2 33 24 24 24
25 24 24 24 28 33 2 33 2 33
4 1 24 24 24 24 24 5 1 33
25 24 24 33 28 24 1 24 24 24
18 33 33 4 1 33 24 2 24 1
11 24 24 33 24 1 24 24 24 28
15 1 2 33 24 2 33 24 24 33
33 2 33 2 33 2 33 28 2 33
23 24 24 28 24 24 2 24 24 28
11 24 2 33 33 24 24 24 2 33
32 1 24 24 24 28 24 24 24 24
30 24 24 33 2 24 24 1 33 2
27 24 28 28 2 33 33 1 2 33
9 1 24 33 2 33 24 16 1 33
15 1 24 24 2 33 24 28 24 33
23 28 24 2 33 24 33 24 28 33
5 28 24 28 1 24 24 24 24 33
21 1 24 24 26 24 24 2 24 5
22 33 7 1 3 33 28 24 24 24
33 24 24 24 28 33 24 24 24 2
17 1 24 24 24 2 24 9 1 2
17 28 13 1 33 33 28 28 2 33
4 1 2 33 2 33 33 28 28 24
28 24 24 33 33 24 24 2 33 24
22 1 24 7 1 33 24 24 24 1
3 24 24 7 16 1 24 13 1 24
25 24 24 2 33 28 2 33 33 24
17 1 28 24 24 24 33 24 2 33
14 24 24 2 33 19 1 33 2 33
0 2 2 33 24 28 24 33 30 24
30 24 1 2 33 24 24 2 33 24
13 1 28 28 24 24 24 24 2 33
0 24 7 1 24 2 33 28 28 28
6 1 2 33 24 24 1 2 33 33
1 28 24 28 24 24 24 24 28 24
0 1 24 24 24 2 33 2 33 24
19 1 24 2 33 24 2 33 24 33
19 1 24 33 24 24 2 33 2 33
27 3 24 33 24 33 2 33 24 15
13 1 2 33 2 33 24 24 2 33
33 24 0 28 24 24 33 33 24 24
13 1 28 19 1 1 30 24 24 24
13 1 24 2 24 24 24 33 7 1
24 24 33 2 33 24 24 24 7 1
5 1 28 1 2 33 24 24 33 2
1 24 30 33 24 24 2 33 2 33
33 24 2 33 7 1 33 24 2 33
15 1 24 2 33 10 1 7 1 24
12 24 24 24 2 33 13 1 2 33
9 1 24 33 33 24 28 24 24 28
26 24 24 24 33 2 33 24 2 28
32 1 28 33 28 2 33 24 24 28
25 24 24 24 24 24 24 28 7 1
10 1 2 33 2 33 24 24 24 33
29 24 25 24 24 28 7 1 24 33
25 24 24 24 0 0 24 2 24 24
15 1 24 24 24 24 24 7 1 33
33 2 33 2 33 28 4 1 24 24
28 2 33 24 1 28 24 2 33 33
23 28 28 28 24 24 13 1 24 3
27 22 33 2 33 33 13 1 33 24
24 24 28 24 2 24 24 33 24 2
6 1 33 33 24 24 24 2 24 28
2 33 1 24 24 24 2 33 24 24
18 24 24 28 33 13 1 24 24 33
33 7 32 1 7 1 2 33 28 2
9 1 1 2 33 24 28 33 24 33
32 1 24 24 2 33 24 24 2 33
16 1 24 33 24 24 24 29 24 24
7 1 2 33 2 33 33 2 33 24
1 2 24 24 24 24 24 28 28 28
18 33 9 28 33 28 24 24 28 28
30 24 21 1 28 24 24 24 24 2
11 24 2 33 28 33 24 10 1 33
28 24 28 24 7 1 28 24 28 33
6 1 24 24 33 24 24 2 33 2
18 24 2 33 24 28 33 24 33 24
0 24 24 24 1 6 1 28 24 24
28 28 24 24 28 28 24 24 24 24
6 1 1 2 33 1 33 28 24 24
6 1 2 33 13 28 24 24 6 1
14 24 24 33 33 28 2 33 24 33
15 16 1 24 13 1 22 28 24 33
2 33 24 2 33 24 2 33 33 24
6 1 2 2 33 33 2 33 2 33
11 24 33 24 24 24 2 2 33 24
15 1 24 24 2 33 7 1 24 24
30 24 24 33 7 1 24 2 33 24
30 24 2 33 24 2 33 28 1 24
8 1 2 24 24 24 24 1 22 33
32 1 24 13 1 24 24 33 24 24
0 24 33 24 2 33 24 7 1 24
27 24 24 33 2 33 24 24 24 24
31 33 12 24 30 24 2 33 24 2
7 1 24 7 1 28 24 30 24 30
9 1 1 33 24 33 2 33 24 2
18 33 28 24 28 24 7 1 24 24
1 2 33 24 24 24 24 24 24 24
21 1 28 24 33 33 24 2 33 24
4 1 2 33 2 33 24 33 1 24
15 1 28 24 24 13 1 2 33 28
30 24 24 28 28 28 24 24 24 28
19 1 2 33 24 24 28 24 24 24
6 1 28 33 2 33 2 33 24 28
12 33 2 33 2 33 24 24 2 24
18 33 2 33 33 24 24 33 33 28
0 2 33 24 24 7 1 28 33 24
26 25 24 28 24 13 1 24 3 24
16 1 24 24 24 24 2 33 28 24
30 24 1 2 33 13 1 24 24 24
30 24 24 24 7 1 2 33 2 33
32 16 1 13 1 2 33 24 24 33
30 24 24 33 24 24 24 24 24 24
25 24 33 16 1 33 33 24 24 24
6 1 33 2 33 24 24 2 33 33
13 1 13 1 33 2 33 24 28 2
18 33 24 2 33 24 28 33 2 33
26 24 2 33 24 7 1 33 24 24
14 24 24 24 24 33 24 24 24 24
32 1 33 33 1 24 2 33 24 1
8 1 33 28 2 33 33 1 24 24
15 1 28 1 24 24 33 24 2 33
0 24 2 33 28 2 33 2 33 24
3 24 2 33 24 10 1 2 33 33
30 24 24 24 24 2 33 24 24 28
24 24 24 19 28 28 24 2 33 33
31 2 33 33 24 28 24 24 24 33
8 1 24 24 22 33 24 24 28 24
33 24 24 24 21 1 24 33 2 33
23 7 1 24 2 33 24 24 24 24
1 28 2 33 1 24 28 2 24 24
2 24 24 24 24 24 24 28 24 28
15 1 24 9 10 1 3 24 28 24
21 1 33 24 24 2 33 5 1 1
12 24 7 1 24 24 24 24 2 33
27 28 24 22 33 2 33 28 33 2
8 1 24 24 24 1 24 24 33 24
21 5 1 27 24 2 33 2 33 7
6 1 2 33 24 2 33 24 24 28
9 1 33 24 24 24 33 2 33 33
10 16 1 33 24 7 1 28 24 24
3 24 19 28 24 2 33 33 33 24
24 24 33 24 24 7 1 24 24 24
18 24 24 33 24 33 24 24 24 24
21 1 24 2 33 1 24 2 33 24
27 24 24 24 28 2 33 33 33 24
22 33 24 24 24 33 33 1 24 2
33 24 24 28 28 0 24 2 33 2
13 1 24 2 33 4 1 24 2 33
32 1 24 33 24 24 7 1 31 33
9 1 24 5 1 24 10 1 2 33
7 1 24 24 19 1 24 33 24 31
14 24 24 2 33 24 28 2 33 24
26 24 24 33 13 1 13 1 1 2
18 33 24 24 24 3 33 24 24 24
15 1 24 1 24 2 33 11 33 13
26 33 28 24 2 33 7 16 1 24
17 28 2 33 24 2 33 24 4 16
32 1 24 2 33 6 1 28 24 24
14 24 33 28 11 24 28 24 1 24
28 24 24 33 24 24 24 28 2 33
33 24 24 24 2 33 33 24 24 24
21 1 24 24 2 24 2 33 24 24
12 24 28 28 24 24 24 33 1 24
21 5 1 28 28 9 1 24 28 33
10 2 33 3 24 24 33 24 33 33
17 28 1 24 24 33 33 24 24 5
0 24 24 28 28 24 24 2 33 24
22 33 24 24 28 2 33 24 24 33
13 1 33 24 24 2 33 24 24 24
24 28 24 2 33 24 24 24 2 33
15 1 24 33 24 33 24 33 33 2
7 5 1 28 31 33 28 33 33 24
24 24 28 33 28 24 13 1 24 24
4 1 24 2 33 22 33 24 2 33
25 24 28 24 24 24 28 24 24 2
8 1 24 2 2 33 24 28 24 24
8 1 24 24 2 24 33 24 2 33
9 1 24 24 24 33 2 33 33 2
17 1 24 5 1 0 24 24 28 24
14 24 24 24 24 33 2 33 24 16
8 1 2 33 13 1 13 1 24 24
29 24 2 33 28 2 33 13 1 24
6 1 2 33 24 33 24 24 19 28
8 1 24 24 2 33 33 13 1 33
5 1 28 30 24 33 30 24 33 24
32 28 33 2 33 2 33 13 1 24
29 24 28 33 24 24 24 24 24 28
29 24 10 16 1 28 24 24 11 24
16 28 24 24 19 1 24 24 24 2
15 1 24 24 24 11 24 24 24 2
4 16 5 1 33 24 24 2 33 1
6 1 24 24 24 24 33 24 4 28
31 33 24 24 28 24 24 24 24 24
16 1 24 13 1 24 2 33 24 28
11 33 24 24 24 24 24 2 33 2
4 1 7 1 24 33 33 24 24 24
22 33 2 33 33 28 24 24 24 33
32 1 33 2 33 33 2 24 28 33
8 1 2 24 24 2 33 7 10 1
17 1 24 9 4 1 28 24 28 24
24 13 4 1 24 24 24 2 33 24
21 1 24 24 33 24 24 24 33 24
5 1 28 24 28 7 4 16 1 28
28 33 24 24 2 33 24 2 33 2
4 1 2 33 2 24 2 33 24 24
8 1 24 28 28 13 1 28 24 24
31 33 2 33 24 24 2 33 24 24
14 24 31 33 2 33 24 24 13 28
31 33 33 33 24 28 24 1 2 33
1 24 2 33 24 24 24 2 33 2
4 5 10 1 24 33 24 4 1 28
7 1 24 33 24 24 24 2 33 33
11 24 28 28 24 28 24 24 2 33
7 1 2 1 24 28 24 33 24 1
32 1 2 33 24 24 33 33 24 33
2 33 24 24 24 24 2 33 24 33
24 33 24 2 33 28 33 2 33 33
3 24 2 33 23 29 24 2 33 28
7 1 24 2 24 19 1 2 33 1
1 24 24 24 33 24 1 24 24 24
24 24 24 24 24 22 33 28 28 33
17 1 2 33 19 1 7 1 4 1
18 33 7 16 1 24 24 24 33 24
17 1 24 24 28 24 33 33 33 24
1 24 5 1 16 1 24 2 33 24
19 1 33 2 33 22 33 24 8 1
4 1 24 2 33 24 24 24 28 24
4 1 24 24 2 33 33 33 24 33
30 24 24 33 2 33 33 2 33 24
12 24 24 2 33 24 24 13 1 2
2 33 2 33 2 33 24 33 28 28
22 33 33 24 28 28 4 16 1 15
13 1 2 33 33 33 33 24 24 24
27 24 1 2 33 2 33 24 2 33
23 7 1 33 24 24 24 28 24 24
9 1 24 2 33 33 24 24 24 33
31 24 33 24 24 28 28 28 24 9
31 33 24 33 28 24 28 24 33 24
29 24 33 28 28 24 24 24 24 28
30 24 24 24 24 28 33 24 24 33
29 33 24 24 24 33 24 2 33 24
16 1 2 33 24 2 33 2 33 7
22 33 7 1 24 24 24 13 1 33
8 1 24 2 33 24 5 1 24 33
24 1 24 24 33 24 24 24 2 33
21 1 2 33 2 33 24 24 24 33
14 24 24 24 24 24 24 24 1 28
30 24 24 24 24 33 28 24 7 1
9 1 24 33 7 1 2 33 24 28
3 28 24 24 2 33 33 24 1 13
23 24 24 24 24 24 24 4 1 28
4 4 1 33 24 16 1 33 24 24
20 33 24 28 22 33 33 24 24 33
28 2 33 4 1 7 13 1 3 24
16 1 24 29 33 24 24 33 24 24
30 24 24 28 29 33 33 33 28 28
12 24 24 2 33 24 31 33 24 13
1 24 2 33 24 24 2 33 24 24
3 24 28 2 33 1 1 24 24 2
30 24 19 1 28 33 28 1 2 33
29 24 7 1 28 2 33 24 24 24
20 33 24 24 13 1 24 24 24 24
7 1 2 33 24 2 33 24 33 24
4 1 24 24 33 10 1 2 33 28
16 1 24 24 28 1 2 33 28 10
20 24 2 33 2 33 28 2 33 28
3 24 24 2 33 6 1 33 24 24
7 1 24 24 24 13 1 28 1 2
15 1 28 2 2 33 24 24 33 2
28 24 28 28 24 2 33 24 24 24
24 24 24 2 33 24 2 33 28 24
19 1 28 24 24 13 1 2 33 33
11 24 2 33 28 24 24 24 33 28
18 33 28 7 1 24 24 24 33 2
11 24 24 24 24 24 33 33 13 1
2 33 2 33 2 33 24 28 33 24
28 24 24 24 24 33 24 28 24 1
5 1 33 2 33 2 33 24 33 2
10 1 24 28 24 24 2 2 24 2
0 24 33 24 2 33 24 24 28 8
29 24 24 2 33 24 2 33 24 28
13 16 1 28 24 24 28 2 33 2
26 24 24 4 1 28 33 24 24 24
0 24 24 28 2 33 24 1 24 33
32 1 33 24 24 24 28 33 24 24
13 1 28 28 2 33 24 33 2 33
4 1 28 2 33 24 24 13 16 1
20 33 24 29 33 24 2 33 24 2
11 24 24 24 2 33 24 28 24 24
29 24 2 33 24 19 16 1 1 28
25 24 24 24 24 28 24 24 28 28
22 33 24 24 28 28 24 28 28 28
15 1 33 24 24 21 1 7 1 28
7 1 28 1 24 28 24 2 33 24
6 1 33 24 24 24 33 1 2 33
30 24 33 24 24 24 24 33 2 33
29 24 2 33 24 2 33 24 28 24
23 33 33 24 24 24 24 24 24 2
14 24 28 2 33 7 33 33 28 24
15 16 1 24 24 24 24 28 24 7
3 24 24 24 24 24 33 2 24 28
24 24 28 33 28 24 9 1 28 24
14 24 24 1 11 24 28 24 24 2
15 1 28 24 28 24 24 6 1 24
25 33 33 2 33 24 24 24 1 24
14 24 24 33 24 24 33 28 7 1
23 24 24 33 28 2 24 24 24 28
23 33 24 24 24 24 28 2 33 13
3 24 24 24 24 2 33 24 24 24
7 1 24 24 24 28 28 24 2 33
25 24 5 1 4 1 24 24 24 24
31 33 2 24 24 24 33 24 24 33
15 1 28 2 24 2 33 24 2 33
11 24 2 33 24 24 33 24 28 24
25 24 24 24 24 24 33 33 24 2
0 24 24 33 2 24 24 24 24 24
11 24 13 1 24 24 24 19 1 24
24 24 24 24 28 24 24 24 33 33
32 1 19 1 2 33 24 28 24 2
12 24 28 28 6 1 33 24 33 2
11 24 24 24 19 1 2 33 28 24
1 24 2 33 1 24 21 1 24 24
25 24 24 24 28 24 24 33 33 24
21 1 11 24 24 24 24 24 33 24
13 1 24 1 28 24 24 0 2 33
33 24 2 33 24 24 2 33 24 2
12 24 24 33 32 1 28 33 7 1
11 24 24 13 1 24 33 2 33 24
7 28 24 8 28 1 24 24 24 24
14 24 24 24 28 24 24 24 33 24
28 24 33 22 33 24 24 24 10 1
32 1 24 28 25 2 33 33 24 24
20 33 2 33 24 24 33 24 24 24
8 1 28 24 33 33 24 12 24 2
11 24 24 24 24 24 2 33 2 33
1 28 24 24 24 33 24 28 24 33
29 24 24 33 24 24 2 24 24 24
4 16 1 2 33 24 28 2 24 28
16 1 28 24 24 28 24 24 1 28
25 24 2 24 33 24 6 1 24 24
6 1 28 1 7 1 3 2 33 28
30 24 24 24 24 7 1 4 1 11
10 1 24 28 2 33 24 30 24 24
11 24 24 28 28 24 24 2 33 28
19 28 33 24 24 2 33 2 33 2
15 1 24 24 24 2 33 24 2 33
26 24 2 33 24 2 33 2 33 24
18 33 28 24 24 24 2 33 2 24
17 1 2 33 24 33 24 24 24 2
33 24 33 33 2 33 28 1 33 24
24 24 24 24 24 24 28 28 2 33
1 1 24 24 24 33 24 7 1 24
23 27 24 28 24 33 24 24 28 1
22 24 24 24 1 2 33 24 2 24
14 24 24 0 7 5 4 1 2 33
25 24 2 33 24 33 24 16 1 2
0 3 33 24 2 33 24 24 24 2
32 1 3 24 24 24 4 1 2 33
21 1 7 1 24 24 24 24 24 24
32 1 4 1 33 6 1 24 24 24
30 24 24 28 24 28 33 24 24 2
33 24 24 2 33 33 33 24 24 24
1 24 28 2 33 2 33 2 33 2
16 1 24 24 3 28 24 33 24 33
20 33 24 33 24 28 24 24 24 24
12 24 24 2 2 33 24 33 24 24
2 33 24 33 24 24 2 33 24 7
14 24 28 2 33 2 33 2 33 2
5 2 2 33 24 2 33 13 1 24
15 1 24 24 1 28 9 1 28 2
31 33 24 24 24 24 24 24 33 24
4 4 1 7 1 28 24 2 33 24
6 1 24 1 28 24 24 13 1 24
11 24 24 24 2 33 28 25 24 33
7 1 33 28 24 24 24 24 28 2
25 2 33 33 24 24 24 30 24 24
28 29 33 24 9 1 24 28 28 24
30 24 33 33 24 28 24 28 24 24
20 2 33 28 24 24 24 2 33 28
25 24 3 24 24 24 24 24 13 4
28 24 33 7 1 24 28 24 33 33
33 24 33 24 1 2 33 24 2 33
30 24 24 24 2 33 24 24 2 33
9 28 24 24 24 33 28 24 24 1
18 33 24 24 19 1 7 1 24 2
2 33 9 1 24 1 24 24 22 33
3 24 24 24 24 24 33 6 1 24
10 16 1 24 24 24 24 2 33 30
26 24 33 24 24 33 2 33 2 33
14 24 24 24 2 33 2 33 24 24
8 1 24 24 24 24 24 24 24 24
19 1 2 33 2 33 28 24 24 2
18 33 24 24 2 33 24 24 24 24
3 7 1 24 30 24 2 33 24 28
2 33 2 33 24 2 33 24 24 24
5 1 24 28 24 28 24 24 33 28
25 24 2 33 28 24 1 33 24 24
15 1 2 33 3 24 28 2 33 24
25 24 24 2 33 24 24 24 24 24
31 24 24 2 33 24 24 2 33 24
6 1 24 24 24 24 33 2 33 2
22 33 24 11 24 2 33 24 24 28
3 24 33 24 4 1 1 28 2 33
29 24 24 33 33 2 33 33 24 24
22 33 24 2 24 7 1 24 24 24
23 24 24 24 24 1 24 7 1 24
5 16 1 7 1 28 2 33 24 2
20 24 28 24 28 28 31 33 24 28
24 24 33 24 28 24 24 24 24 24
12 24 33 33 24 24 28 33 2 33
5 1 24 28 24 7 1 24 2 33
5 1 24 2 24 24 24 33 2 33
24 29 24 28 27 24 24 24 24 24
31 33 2 33 24 4 4 1 24 24
9 1 33 28 2 33 24 33 33 24
19 2 33 24 24 24 24 24 24 2
13 1 33 24 2 33 33 24 24 24
13 1 33 24 24 28 2 33 33 2
11 24 24 24 2 24 29 24 13 1
1 33 33 24 2 33 2 33 24 2
0 24 24 2 33 24 24 33 33 24
18 2 33 24 30 24 2 33 2 33
6 1 33 24 24 2 33 24 24 24
12 24 24 33 24 24 24 1 2 33
20 24 24 28 24 24 24 7 1 2
8 1 33 28 24 24 24 2 33 24
0 0 33 28 24 24 1 24 2 33
14 24 2 33 24 33 24 24 2 33
26 24 24 2 33 24 24 19 1 24
18 33 24 2 33 24 24 24 24 28
23 28 33 24 28 24 24 24 24 33
20 33 0 24 28 2 33 28 24 2
15 1 24 24 28 33 2 33 24 24
11 33 24 22 33 24 33 24 24 24
33 24 24 2 33 1 24 28 24 24
29 24 2 33 2 33 2 33 2 33
12 33 28 12 24 24 24 33 28 33
5 1 24 24 2 33 24 24 1 24
5 1 7 1 1 24 33 24 7 1
29 24 21 1 24 24 28 24 24 24
16 1 24 24 24 24 24 7 1 24
0 24 33 24 24 24 33 33 24 24
15 1 28 33 24 24 24 24 33 24
33 24 24 3 33 24 28 24 28 24
4 1 24 2 33 2 33 2 33 2
7 1 24 24 33 24 15 1 24 24
5 1 24 24 24 28 24 2 33 24
19 1 24 2 33 24 24 2 33 7
23 33 24 24 24 24 2 33 2 33
0 24 2 24 24 2 33 24 24 24
11 33 24 24 9 1 24 24 24 24
28 2 33 24 24 2 33 24 24 24
10 1 28 28 28 24 24 24 24 24
31 24 0 24 33 24 24 24 33 24
7 1 28 24 24 2 33 24 28 24
25 24 24 24 24 24 24 28 2 33
16 1 24 24 24 33 28 33 24 10
26 24 24 1 24 1 24 24 33 33
16 1 2 33 2 33 2 33 24 33
32 1 33 24 24 2 33 24 24 2
22 33 24 24 24 24 24 24 19 1
22 33 2 24 24 28 33 24 24 2
3 24 1 2 33 28 33 24 1 24
32 1 33 19 1 28 24 24 2 33
22 24 2 33 2 33 24 24 2 24
24 24 24 24 33 28 33 28 28 28
18 33 2 33 24 2 33 24 24 24
19 1 24 24 24 24 24 24 28 7
18 33 24 24 28 2 33 2 33 24
20 33 2 33 24 24 24 24 10 1
10 1 33 2 33 24 24 28 13 1
23 24 10 1 33 33 2 33 24 24
33 33 24 2 33 28 2 24 33 24
28 2 33 24 33 33 24 2 33 33
25 24 24 24 24 33 7 1 24 2
31 24 24 2 24 24 28 7 1 24
3 33 28 28 7 1 7 1 24 24
31 33 2 33 33 24 24 1 2 33
11 24 24 24 28 24 33 24 1 24
23 24 2 24 24 28 24 2 33 1
8 1 24 28 24 2 33 24 24 2
1 1 24 24 24 2 33 2 33 2
14 24 16 1 24 13 1 33 28 2
16 1 24 24 2 24 24 33 24 24
2 33 33 2 33 24 28 33 33 2
8 1 33 24 1 2 24 24 2 2
33 2 24 24 13 1 24 24 24 1
29 24 2 33 24 24 24 33 24 24
0 2 33 2 33 24 33 24 24 33
0 1 7 1 28 24 7 1 11 24
27 24 24 24 24 2 33 24 33 24
22 33 28 24 24 24 2 33 24 7
33 24 28 33 33 33 24 28 24 24
11 24 28 24 2 33 2 33 24 33
6 1 3 24 2 33 1 9 1 7
7 1 2 33 16 1 33 24 7 1
1 24 24 28 24 2 33 33 28 33
0 24 28 24 24 24 4 1 7 1
0 2 33 19 1 24 24 24 24 28
10 1 19 1 24 24 24 24 2 33
28 24 2 33 24 24 24 28 24 28
17 1 28 24 24 24 2 33 33 33
15 1 33 30 24 24 1 7 1 22
30 24 24 24 33 28 24 2 33 24
10 1 24 2 33 11 24 33 33 24
25 24 13 1 28 33 24 24 2 33
27 22 33 24 24 24 3 24 28 2
27 2 33 28 28 24 1 33 1 24
13 1 22 33 24 28 33 24 24 24
22 33 24 2 33 2 33 7 1 24
27 2 24 2 33 24 28 28 2 33
29 24 28 24 24 24 24 2 33 24
4 1 24 2 33 2 33 24 33 1
22 33 33 24 8 1 2 33 33 13
13 1 24 24 24 24 33 1 2 33
33 28 19 1 24 24 28 33 33 33
28 24 24 24 33 24 28 2 33 24
10 1 16 1 24 24 24 24 24 1
25 24 24 28 24 24 2 33 24 24
26 24 24 24 7 1 28 33 24 33
29 33 28 33 28 13 1 24 7 1
23 33 24 24 24 28 22 33 28 2
15 1 24 24 24 24 3 2 33 24
28 24 24 24 24 24 24 24 28 24
7 1 24 24 24 24 33 24 33 13
23 24 24 13 1 2 33 24 2 24
17 1 2 24 24 24 33 2 33 19
3 24 33 24 30 24 1 24 24 4
2 33 2 33 33 24 22 33 13 1
12 24 24 24 7 1 24 28 24 24
5 1 24 24 24 24 24 24 24 24
11 24 1 2 33 24 33 24 24 1
25 24 22 33 2 33 24 28 33 24
2 33 1 33 33 2 24 24 0 24
4 5 1 24 24 2 33 24 24 33
30 24 24 24 28 2 33 2 33 2
10 1 2 33 24 24 28 24 2 33
0 24 24 24 21 1 2 33 2 33
28 33 7 1 24 28 24 2 33 28
20 33 2 33 24 2 33 24 24 2
16 1 33 2 33 28 2 33 24 2
14 24 24 2 33 33 24 33 2 33
14 24 2 33 33 28 17 1 24 33
19 1 24 2 33 2 33 24 13 1
17 1 24 33 2 24 33 1 24 24
27 28 1 2 33 1 24 24 33 28
9 1 24 24 3 2 33 28 2 33
15 1 24 24 24 7 4 1 24 28
18 2 33 33 33 28 24 24 24 24
6 1 33 2 33 2 24 24 28 24
16 16 1 24 2 33 2 33 24 24
2 24 1 33 24 7 1 24 24 28
7 1 24 24 1 33 10 1 13 1
19 1 24 24 24 2 2 33 2 33
28 28 24 24 24 33 2 33 2 33
16 1 33 1 33 7 1 24 2 33
16 1 33 24 24 24 24 33 2 33
12 24 24 2 24 2 33 24 24 24
23 24 2 33 24 24 24 2 33 24
10 1 2 33 2 24 28 24 2 33
6 1 23 2 33 2 33 24 24 24
28 13 1 24 24 28 27 28 13 1
12 24 33 33 33 24 24 28 24 28
0 24 24 24 24 2 33 33 28 2
21 4 1 13 1 24 2 33 2 33
22 33 7 1 24 33 2 33 33 24
27 24 24 2 33 24 24 24 24 28
10 1 28 24 2 33 13 2 33 24
21 1 24 24 2 33 24 24 1 24
15 1 24 24 33 2 33 1 10 1
0 24 24 33 24 16 1 21 1 4
13 1 16 1 24 24 28 24 24 1
15 1 24 24 24 2 33 7 4 1
22 33 24 2 33 4 1 4 1 24
3 24 3 7 1 2 33 24 24 2
11 33 1 28 24 33 33 24 24 33
9 1 24 24 24 28 33 24 24 24
0 24 24 24 24 33 24 24 24 24
4 1 24 0 24 24 28 24 2 33
29 24 28 33 24 33 24 24 1 33
22 24 2 33 4 1 24 28 2 33
11 24 24 2 33 24 24 2 33 24
32 1 24 33 24 33 2 33 28 28
9 1 24 2 24 24 13 1 28 7
21 1 17 1 2 33 24 7 1 33
20 33 2 33 33 2 33 24 33 24
14 24 1 24 3 13 1 2 33 24
10 1 33 24 24 2 33 2 33 2
13 1 28 24 24 24 8 4 1 28
32 1 24 2 33 33 7 1 33 24
1 2 33 24 7 1 28 7 1 33
18 33 28 24 33 24 28 2 33 33
26 24 2 33 2 33 7 1 16 16
7 1 28 2 33 24 24 24 24 1
11 24 9 1 24 2 33 24 33 24
14 24 24 24 33 28 24 24 33 28
8 1 24 16 1 24 28 33 24 24
17 4 1 13 1 24 28 24 33 7
22 33 33 24 24 28 24 2 33 24
8 1 2 33 19 1 24 24 24 24
22 33 24 24 24 4 1 24 33 24
6 1 24 7 1 24 24 33 24 24
0 24 24 2 33 1 33 24 24 24
17 2 33 7 1 24 1 33 16 1
20 33 24 28 24 24 24 2 33 24
20 33 24 33 24 24 19 1 24 28
14 24 24 1 24 2 33 19 1 24
10 1 28 24 33 28 2 33 2 33
19 4 1 33 2 33 33 24 2 33
2 33 1 2 33 24 24 24 24 32
7 1 2 33 28 7 5 1 24 33
21 1 33 24 28 33 24 33 28 24
10 2 33 24 28 2 33 24 24 2
14 24 24 24 24 24 24 2 33 24
16 1 24 24 24 24 24 24 1 24
4 1 28 2 2 33 24 19 1 24
23 24 24 2 13 1 2 33 24 2
6 1 2 33 28 2 2 33 24 28
19 1 24 2 33 28 1 24 24 24
19 1 28 13 1 24 24 24 28 4
15 1 24 2 33 24 24 28 6 1
12 24 2 33 28 24 24 24 24 11
1 24 7 1 24 33 24 24 28 24
1 2 33 24 33 24 2 33 24 33
30 24 24 33 24 2 2 33 2 33
2 1 24 24 24 24 24 1 24 2
15 1 2 33 2 24 24 24 1 24
19 2 33 2 33 7 16 1 24 24
28 24 24 33 28 24 1 7 1 28
21 1 24 28 24 2 33 24 24 33
18 33 24 5 1 33 24 24 33 24
0 24 24 0 28 24 2 33 24 24
0 30 33 24 33 24 24 33 24 33
2 33 24 24 24 33 24 28 24 24
14 24 24 28 24 24 24 33 24 7
3 2 33 24 24 2 33 24 24 28
8 1 24 2 33 33 24 33 24 33
13 1 2 33 28 24 2 33 24 24
18 33 3 24 24 28 33 24 28 24
12 24 30 24 24 2 33 28 2 33
22 33 24 2 33 2 33 24 24 22
7 1 24 28 24 28 24 7 16 1
19 1 24 24 28 24 28 24 24 24
20 24 24 24 2 33 28 24 2 33
33 33 24 28 28 24 24 28 2 33
32 16 1 24 24 24 0 24 1 33
29 24 24 2 33 33 24 33 33 33
12 24 24 2 33 13 1 24 24 33
18 24 24 24 24 24 33 24 24 24
5 1 24 2 33 24 24 2 33 33
30 24 24 13 1 24 28 2 33 1
2 33 1 2 33 2 33 24 24 2
1 24 24 24 2 33 24 19 1 1
8 1 24 24 24 33 24 24 2 33
16 1 33 4 1 2 33 24 10 1
0 2 33 24 24 2 33 24 24 9
28 24 2 33 33 2 33 7 1 28
7 1 24 28 2 33 2 33 24 24
29 24 24 24 24 24 24 2 2 2
33 22 24 24 24 2 33 28 24 28
22 33 24 13 1 33 33 2 33 28
13 1 24 28 13 1 33 33 24 24
20 33 1 24 4 1 24 24 1 24
10 1 24 24 24 24 24 7 1 2
31 33 33 33 24 24 24 7 28 24
2 33 7 1 24 28 19 1 33 33
3 24 24 24 28 24 24 2 24 24
19 1 2 33 24 24 28 24 19 1
33 24 24 33 24 24 2 33 2 33
30 24 2 33 1 28 2 24 24 24
22 33 28 24 28 2 33 24 33 24
15 1 33 2 33 24 24 24 24 24
27 28 7 1 24 28 2 33 24 33
20 33 24 33 13 1 33 24 24 2
16 1 28 24 2 24 28 1 2 33
11 24 24 24 24 33 24 33 24 24
10 1 2 33 24 28 24 24 24 24
8 1 24 2 33 2 24 24 24 24
23 7 1 28 33 28 2 33 24 1
12 24 2 33 24 24 33 7 1 24
25 24 33 2 33 33 24 24 28 33
27 1 24 24 33 24 24 24 24 8
10 1 24 2 33 13 2 33 24 24
20 2 33 24 24 24 13 1 28 24
19 1 24 2 33 24 24 13 1 24
28 24 33 24 33 2 24 2 33 24
33 2 33 24 24 2 33 33 24 21
9 1 24 4 1 24 24 33 24 24
21 1 24 33 24 24 24 24 24 24
33 13 1 24 24 2 33 24 28 33
31 33 2 33 33 13 1 24 33 24
0 24 24 24 2 33 2 33 24 24
16 1 24 24 24 28 28 24 33 3
8 1 2 33 24 24 2 33 33 24
27 24 2 33 28 2 33 24 24 33
23 24 24 24 7 1 24 13 1 13
18 33 24 28 2 33 24 33 24 24
4 1 24 24 13 1 24 24 28 24
18 33 24 2 33 28 2 33 24 33
20 24 28 3 24 24 24 33 24 33
14 24 24 33 24 24 24 24 24 7
10 1 24 21 1 24 33 24 24 24
19 1 33 2 33 19 1 13 1 24
30 24 24 24 24 24 24 2 33 24
5 1 24 24 33 24 4 28 2 33
22 33 28 28 28 24 24 24 24 7
1 1 28 24 28 24 24 4 1 33
26 24 24 24 24 24 2 3 2 33
11 24 1 24 24 24 24 24 24 33
25 24 2 33 33 24 33 24 28 24
19 1 24 2 33 2 33 33 33 2
3 2 33 2 33 24 24 24 33 24
2 24 7 28 33 2 33 28 24 33
25 24 24 24 28 2 33 33 22 33
5 1 24 2 33 24 24 24 24 24
12 24 2 33 28 0 24 28 28 24
16 1 33 24 33 2 33 24 24 28
23 21 1 13 4 1 30 24 2 33
24 24 2 33 2 33 33 28 2 33
14 24 24 28 24 24 33 24 28 33
26 24 28 33 2 33 24 24 2 33
1 33 24 24 24 33 28 24 24 2
27 28 2 33 33 24 2 33 24 24
25 24 28 24 2 33 33 1 24 24
29 24 28 2 33 2 24 24 2 2
3 24 24 24 28 24 2 33 33 24
8 1 1 24 24 24 24 24 28 2
21 1 24 28 25 24 24 33 24 2
11 24 2 33 2 24 24 2 33 24
11 24 24 24 24 24 24 24 1 2
1 24 21 1 24 24 24 2 33 2
24 24 24 28 24 2 33 33 28 24
7 1 24 8 1 28 11 24 24 2
2 33 2 33 33 24 2 33 24 2
19 1 24 2 33 24 33 24 24 2
33 24 24 2 33 24 28 9 10 4
3 2 33 24 2 33 24 24 2 2
13 1 33 24 24 24 33 1 24 33
10 1 24 28 24 24 2 33 24 24
17 1 24 24 24 24 33 24 33 24
21 1 7 1 27 24 33 13 1 24
21 1 1 24 33 24 28 5 1 24
4 1 24 24 22 33 24 28 33 24
31 24 24 28 24 7 1 33 24 2
1 24 24 33 24 33 24 24 10 1
23 33 24 7 1 2 33 24 33 7
26 24 24 33 24 7 1 24 2 33
30 24 2 33 24 28 2 33 33 28
1 24 10 1 13 1 24 24 33 2
20 24 24 24 24 7 1 33 24 24
15 1 33 24 24 2 33 28 24 29
20 33 24 13 1 2 24 24 24 24
20 24 24 24 24 33 24 28 24 24
17 1 24 24 28 33 24 2 33 24
26 24 33 2 33 33 2 33 24 24
16 1 24 24 24 2 33 24 2 33
21 1 24 24 2 33 24 2 33 2
26 24 2 24 24 24 29 24 24 2
16 1 24 28 33 24 24 24 2 33
27 24 24 28 24 2 33 28 24 2
9 4 1 24 28 13 1 24 24 7
26 2 24 33 33 1 22 33 2 33
16 1 24 28 24 19 1 24 24 24
17 1 24 24 24 28 28 11 24 24
27 24 24 7 1 28 24 1 33 4
8 1 7 16 1 24 24 33 1 24
21 1 24 24 24 2 33 33 24 24
13 1 24 1 33 24 24 28 24 24
8 1 13 1 33 24 24 2 33 24
26 29 24 24 2 33 1 1 24 24
33 24 24 21 1 2 33 22 33 24
33 24 24 33 24 7 1 33 2 33
14 24 24 28 2 33 2 33 24 24
11 24 24 2 33 24 28 19 1 24
15 1 28 2 33 24 33 24 33 24
26 24 24 24 2 33 13 1 28 24
21 1 24 33 24 24 28 2 33 2
27 24 21 1 24 24 33 24 33 24
31 33 19 1 33 1 2 33 2 33
6 1 24 24 24 13 1 33 24 28
29 33 2 33 24 24 24 24 28 28
22 33 24 28 24 24 13 1 24 33
1 24 24 33 28 24 24 24 24 2
14 24 28 24 24 24 2 33 2 33
22 33 24 28 24 33 24 24 2 33
2 24 2 33 33 24 24 24 24 24
17 1 24 24 24 28 24 24 24 24
33 1 33 28 33 24 24 33 24 33
25 24 13 1 24 7 28 24 0 2
23 24 33 2 33 24 24 2 33 28
26 24 13 1 24 24 33 24 33 4
0 24 24 33 2 24 2 33 24 28
27 24 2 33 33 24 24 28 24 2
4 1 2 33 24 2 24 2 33 24
3 28 24 24 2 33 28 24 19 1
8 1 30 24 11 24 24 24 33 24
22 33 24 24 24 13 1 24 24 24
3 2 33 2 33 24 24 24 24 24
5 1 24 24 30 24 1 33 24 2
25 24 24 24 2 33 2 33 24 33
0 24 24 28 2 33 24 2 33 24
16 1 33 24 33 26 33 28 13 16
7 1 24 33 19 1 24 7 1 24
7 10 1 24 24 24 33 28 24 28
28 24 24 24 28 1 24 24 24 24
2 33 24 24 2 33 28 2 33 7
15 1 24 24 24 24 7 1 24 2
22 33 33 24 24 24 28 24 24 24
18 33 24 24 2 33 24 28 24 24
32 1 24 24 24 28 24 24 24 24
23 24 24 24 19 1 24 24 24 13
14 24 28 24 24 2 33 24 24 7
1 24 1 1 10 1 7 1 1 24
10 33 33 24 24 19 1 33 7 1
17 1 24 2 33 24 24 28 24 24
29 24 24 28 24 24 28 24 2 33
15 1 24 24 24 24 24 24 24 24
20 33 2 33 24 2 33 0 2 33
16 1 24 24 24 24 24 24 33 24
9 1 24 24 24 24 24 24 33 2
10 1 19 1 2 2 33 24 24 24
6 1 19 1 28 24 2 33 24 24
27 2 24 2 2 33 24 2 33 33
20 24 24 24 2 33 24 24 24 2
8 1 7 1 28 33 2 33 1 7
2 33 7 1 24 24 2 33 24 2
14 24 24 28 24 24 28 7 1 24
20 33 28 33 24 24 24 24 24 2
6 1 2 33 24 2 33 24 28 24
16 1 19 1 24 2 33 2 33 24
19 1 33 24 24 24 7 1 33 24
29 24 24 2 33 24 24 24 33 33
30 24 13 1 28 33 7 16 2 24
26 24 24 24 24 2 33 2 33 24
13 1 13 1 33 24 28 28 24 24
33 2 33 28 2 33 24 33 28 2
0 21 1 24 24 24 24 24 28 24
8 33 33 33 24 7 1 24 24 28
21 16 1 24 24 33 2 33 24 24
27 33 28 33 24 24 2 33 2 33
13 1 33 30 24 28 24 24 24 33
27 24 24 2 33 7 1 2 33 33
6 1 1 28 33 2 33 24 24 1
25 24 1 24 24 24 33 24 2 33
20 33 24 9 1 24 24 2 33 28
14 24 7 24 28 10 1 28 2 33
11 24 33 1 2 33 2 33 24 24
33 33 2 33 2 24 7 1 24 24
17 1 24 1 24 1 1 24 33 2
13 1 27 2 33 33 24 24 24 28
13 1 2 33 33 2 33 33 24 28
2 33 24 28 28 24 2 33 24 24
3 24 24 24 24 33 2 33 24 24
27 2 33 24 24 33 7 1 24 33
6 1 24 24 24 1 24 28 33 24
14 24 24 28 24 33 2 24 24 28
13 1 24 2 33 24 24 24 24 28
2 33 24 33 28 24 24 24 24 24
33 2 24 24 14 24 24 24 2 33
22 33 28 24 33 24 2 33 24 24
28 2 33 24 2 33 28 24 11 24
11 24 24 24 24 24 24 33 24 2
18 33 2 33 24 24 24 24 33 33
10 1 24 24 24 24 33 24 24 2
10 1 2 33 24 24 24 33 2 33
18 33 24 33 24 13 1 24 1 7
26 24 33 24 25 24 24 24 28 24
17 1 24 4 1 2 33 2 33 24
14 24 24 24 2 33 2 2 33 2
4 28 2 33 24 7 1 24 2 33
22 33 24 24 33 24 28 24 2 33
13 1 24 24 28 24 24 21 1 24
2 33 28 28 24 24 33 24 2 33
33 33 24 2 33 24 2 33 24 28
9 1 28 24 2 33 2 33 7 5
21 1 28 24 2 33 28 24 4 1
31 33 24 33 28 24 24 28 28 24
0 24 24 2 33 33 24 24 24 24
13 1 1 24 28 24 24 28 24 24
19 1 28 24 10 1 13 1 33 24
14 24 24 24 33 24 24 24 1 21
21 1 24 24 24 24 33 28 24 24
8 1 2 33 24 2 33 24 24 24
13 1 2 33 24 24 24 28 24 24
30 24 28 24 2 33 24 28 2 33
18 2 33 2 33 24 2 33 2 33
12 33 2 33 28 2 33 28 2 33
21 1 24 10 1 24 33 28 33 2
8 28 2 33 24 24 33 33 2 33
11 24 24 24 28 24 24 24 28 19
15 1 24 33 28 24 1 24 24 24
14 24 28 24 24 24 2 33 28 24
14 24 24 28 28 24 24 7 1 7
31 24 7 1 28 24 24 28 24 2
14 24 24 33 24 33 24 28 33 24
5 1 33 2 33 33 33 24 2 33
17 1 33 24 1 24 28 24 24 33
24 2 33 28 33 25 24 24 24 24
28 24 2 33 24 2 33 24 24 19
13 1 28 24 24 24 2 33 33 24
23 24 28 22 33 24 2 33 13 10
33 2 33 24 22 33 33 24 22 33
32 3 24 24 24 2 24 24 24 2
28 2 33 24 24 30 24 24 2 33
10 1 24 24 33 24 30 24 24 2
12 24 24 2 33 24 33 2 33 2
12 24 7 1 19 1 1 11 24 1
26 24 24 24 2 33 2 33 24 24
7 1 2 33 22 24 24 33 24 7
5 1 24 33 24 24 2 33 33 24
32 1 2 33 33 24 2 24 24 13
15 1 2 2 33 6 1 28 33 24
14 24 1 2 33 24 24 24 24 24
10 28 28 28 1 33 24 24 24 33
0 24 24 33 2 33 7 1 28 33
14 24 28 28 28 24 28 24 33 28
0 24 10 1 28 24 24 2 33 24
9 1 24 2 24 24 7 1 1 2
30 24 24 24 24 24 33 24 24 28
19 28 7 1 24 28 24 2 24 28
20 24 24 24 28 28 28 24 24 28
17 1 24 33 1 24 7 1 24 24
20 33 24 3 24 24 24 2 33 24
14 24 28 24 24 13 1 24 33 5
18 33 24 24 2 33 24 2 33 24
27 28 24 24 28 24 2 33 33 2
18 33 28 24 24 24 2 33 2 33
19 1 24 24 24 24 24 24 33 2
30 24 24 24 2 33 2 33 2 33
7 1 33 2 24 2 24 33 24 28
16 1 28 24 24 2 33 7 1 33
26 24 24 33 28 24 24 19 1 33
27 24 28 7 28 24 28 2 33 2
18 24 24 24 2 33 28 24 2 33
27 24 28 24 1 24 2 33 28 24
28 24 33 24 28 0 28 24 33 24
19 1 24 24 30 24 2 33 33 24
16 1 24 33 2 33 24 33 9 1
19 4 1 7 1 24 24 24 2 33
32 16 1 24 24 33 24 2 33 28
24 28 28 2 33 24 24 28 13 1
9 1 24 24 24 24 24 33 28 24
6 1 24 2 33 24 24 24 24 33
1 24 28 33 33 24 28 2 33 24
5 1 24 24 24 24 28 24 5 1
12 24 24 24 24 24 13 1 24 28
0 28 24 24 2 33 2 33 24 24
17 1 24 24 19 1 28 24 24 24
0 2 33 24 24 24 2 33 24 7
4 1 2 33 2 33 24 24 24 24
11 33 24 33 28 24 33 3 28 24
5 1 24 33 9 1 24 24 24 24
16 1 24 33 24 2 33 2 33 33
26 24 2 33 24 33 24 24 24 24
27 2 33 24 24 24 24 24 24 24
15 1 1 2 2 33 24 24 13 1
24 4 1 24 33 24 28 24 33 2
0 2 33 28 33 24 2 33 7 1
21 5 1 24 1 2 33 24 24 33
25 24 24 24 28 0 24 1 3 24
4 1 24 24 2 33 28 24 2 33
21 1 33 24 24 2 33 24 7 1
25 24 2 24 33 28 24 24 24 28
18 33 24 21 1 24 24 24 2 33
16 1 24 2 33 28 24 2 33 11
27 33 24 2 33 7 1 24 2 33
24 24 24 2 24 24 24 33 28 24
27 2 33 33 24 24 24 24 28 19
13 1 13 1 13 1 2 33 33 24
27 28 24 28 24 28 28 24 24 28
13 1 24 24 24 24 13 1 19 1
6 1 24 24 24 13 1 24 10 1
32 1 0 24 13 1 24 24 24 24
19 1 7 1 24 24 24 24 24 24
13 1 24 24 24 24 2 33 2 33
28 24 28 2 33 28 7 2 33 28
19 1 4 1 24 24 2 24 24 2
33 24 24 2 33 24 28 28 2 33
8 1 24 24 24 2 24 13 4 1
24 5 1 7 1 24 28 2 33 24
21 4 1 6 1 24 24 28 0 2
22 33 2 33 24 33 24 33 24 2
33 28 24 24 24 28 24 28 24 2
28 24 28 24 24 24 33 24 28 2
26 24 24 10 5 1 24 28 33 2
5 1 24 24 19 1 24 24 24 24
10 1 24 28 28 24 26 33 24 10
6 1 28 24 2 24 24 28 2 33
21 5 1 24 13 1 28 24 2 33
14 24 24 24 24 24 24 33 2 33
11 24 7 1 24 33 2 33 2 33
5 1 33 24 33 24 7 16 1 24
29 24 24 2 33 28 33 28 24 24
4 1 24 24 28 28 22 33 13 1
23 24 33 28 33 24 24 24 24 7
14 24 24 32 1 9 1 33 33 24
6 1 24 24 2 2 33 24 2 33
9 1 24 28 24 24 24 24 24 2
8 1 24 24 24 24 24 2 33 24
33 24 33 2 33 24 28 24 24 24
31 33 2 24 2 33 2 33 24 24
17 1 24 2 33 1 24 33 4 1
17 1 24 30 24 1 3 33 24 2
26 24 3 24 24 24 28 24 2 24
16 1 24 24 2 33 24 1 25 24
19 1 24 24 28 19 33 2 33 24
6 28 2 33 24 24 0 21 1 33
19 1 24 28 2 33 24 24 2 33
4 1 21 1 24 24 33 2 33 2
5 1 24 2 33 2 33 24 24 13
14 33 24 33 24 2 33 24 24 1
11 24 24 24 28 0 13 1 24 2
0 24 24 11 24 33 24 2 33 24
33 24 2 33 24 19 1 33 28 24
11 24 28 24 2 33 8 4 1 24
13 1 24 24 24 24 24 33 29 24
28 30 24 2 33 2 33 24 30 24
0 22 33 24 3 24 33 28 28 28
31 24 28 24 2 33 24 24 24 24
28 24 33 24 1 24 24 24 33 24
27 28 24 24 1 24 24 33 24 2
5 1 24 24 2 33 19 1 2 24
24 33 24 24 24 13 1 24 28 33
9 1 24 24 24 24 24 24 24 24
30 24 2 33 28 1 24 33 24 2
9 1 33 33 24 24 0 33 24 24
18 33 24 24 8 1 24 28 24 24
18 33 24 24 2 33 24 28 13 2
8 1 28 4 1 24 24 19 1 24
24 28 24 24 2 33 28 33 28 24
7 1 10 1 24 2 2 1 24 24
18 33 7 1 28 24 2 33 33 24
29 24 24 28 2 33 2 33 24 24
24 33 4 1 28 33 1 24 2 33
22 33 24 24 7 1 24 24 2 33
30 33 24 24 8 1 2 33 19 1
3 33 2 33 24 2 33 7 1 24
12 24 2 33 24 24 24 24 24 28
9 1 24 24 19 1 24 24 2 33
22 33 1 33 2 33 24 28 2 33
30 24 1 24 24 24 2 33 24 24
16 16 1 24 24 24 24 24 24 2
12 24 24 1 24 7 6 1 2 33
1 24 13 1 2 33 24 28 24 2
29 24 24 7 1 24 2 33 33 2
12 24 33 24 24 24 33 24 24 24
8 1 13 1 19 1 24 2 33 2
20 33 24 28 24 24 33 13 1 24
1 24 24 2 33 4 1 24 24 24
16 1 24 24 24 24 33 24 24 33
26 24 2 33 24 24 24 24 24 24
7 1 24 33 28 7 1 2 33 17
2 2 33 33 24 24 24 0 24 24
25 24 24 24 28 24 28 2 33 24
18 33 33 28 24 13 1 30 33 24
32 1 33 28 33 19 1 24 24 24
0 24 24 1 24 2 33 24 24 24
1 24 24 24 28 33 28 24 24 24
3 2 33 24 1 24 2 24 24 24
8 1 24 24 33 24 24 24 7 1
1 13 28 33 24 24 24 33 24 28
1 24 24 24 33 24 2 33 24 2
31 33 0 24 28 24 24 24 24 24
19 1 2 33 24 2 33 24 24 24
1 24 24 2 33 28 13 1 24 33
28 24 33 4 1 24 24 24 28 24
24 2 33 24 2 33 24 24 33 24
11 24 33 24 33 24 33 2 33 24
25 24 24 13 1 29 24 24 24 24
33 2 33 24 33 24 24 33 2 24
22 2 33 24 24 7 1 24 24 2
6 1 33 24 24 24 24 7 1 2
33 33 24 19 4 1 2 33 33 24
6 1 2 33 24 24 33 24 2 33
13 1 24 24 28 24 24 2 33 28
4 1 24 2 33 24 24 7 2 24
32 1 2 33 24 24 2 33 2 24
13 1 1 24 2 33 22 33 33 24
3 24 24 24 2 33 2 33 24 33
7 1 24 33 24 3 7 1 24 24
15 1 24 24 24 24 24 24 24 24
29 24 24 24 24 24 24 9 1 2
4 1 2 33 13 1 28 2 33 2
28 24 0 24 24 24 2 33 24 24
29 24 28 24 24 24 24 24 8 1
30 24 2 33 10 1 2 33 13 1
24 2 33 28 28 19 1 2 33 33
0 24 2 33 24 7 1 33 33 28
15 1 2 24 24 24 24 24 24 2
5 1 33 24 24 33 24 33 24 28
26 33 33 33 28 2 33 28 30 24
23 24 2 33 28 24 24 4 4 1
24 2 33 24 24 2 33 24 24 24
1 24 24 2 33 33 2 33 19 1
21 1 24 24 33 28 28 8 1 2
25 24 33 2 33 28 24 24 33 1
11 24 2 33 24 24 24 24 24 24
30 24 24 24 24 24 33 2 33 24
5 1 24 24 2 33 2 33 24 7
10 1 24 2 33 24 24 1 12 24
23 24 24 24 10 16 1 24 24 33
22 33 24 2 33 24 24 24 24 24
21 1 2 33 24 24 2 33 2 33
9 1 24 2 33 24 2 33 24 28
14 33 24 24 28 24 24 24 28 2
30 24 2 33 24 24 28 24 24 24
6 1 28 28 24 13 1 24 28 24
22 33 24 28 23 2 33 33 7 1
16 1 2 2 24 33 2 33 2 33
10 1 33 24 2 24 2 33 7 1
27 2 33 24 2 33 24 24 33 24
17 1 24 2 33 33 28 5 1 2
16 1 24 7 1 24 33 24 24 33
3 1 24 24 0 2 33 13 1 24
1 24 2 33 24 33 19 1 24 2
16 1 33 28 24 24 33 24 28 24
22 33 2 33 24 2 33 19 2 33
7 1 2 33 24 2 33 24 33 1
30 24 28 24 33 24 10 1 24 24
14 33 33 2 33 13 1 24 24 24
1 33 2 33 28 24 2 33 33 24
33 1 28 24 3 24 33 24 28 2
10 1 24 24 24 24 2 33 24 28
7 1 24 24 2 24 24 13 1 13
9 1 33 24 24 33 24 33 33 24
30 24 30 24 2 33 24 24 24 33
0 24 2 33 24 24 7 1 16 1
32 1 33 24 7 1 33 2 33 2
6 1 33 3 2 24 28 13 1 33
30 24 24 24 24 2 33 24 24 33
9 1 7 1 13 1 33 24 24 33
24 3 8 10 1 24 24 33 1 24
23 24 24 28 33 30 24 24 24 28
1 28 5 1 19 1 24 33 33 10
8 1 24 1 2 33 19 1 24 33
22 33 24 2 33 33 24 2 33 2
19 1 24 24 28 24 24 24 7 1
31 24 24 24 0 24 33 33 28 24
20 24 33 2 33 24 28 2 33 28
30 24 24 22 33 28 2 33 2 33
12 24 2 33 2 33 2 33 2 33
6 1 24 24 13 1 24 24 24 13
14 24 24 24 2 33 2 33 24 24
4 28 24 24 28 28 24 24 24 24
23 24 21 1 24 24 24 24 24 24
8 1 24 2 33 24 28 13 1 28
23 24 24 13 1 33 2 33 2 33
7 1 33 33 24 2 33 24 29 24
26 24 33 28 29 24 4 1 24 24
6 2 33 24 2 33 21 1 13 33
4 1 13 1 2 33 33 21 1 1
17 1 7 1 7 1 28 28 24 28
9 1 2 33 7 1 24 28 24 28
31 24 24 7 4 1 24 24 24 24
6 1 24 24 24 24 7 1 2 33
20 33 24 24 24 24 24 2 33 24
12 24 24 24 33 2 33 2 33 24
32 1 2 33 24 24 2 33 7 28
14 24 33 33 7 1 24 2 33 33
26 33 24 24 24 24 28 33 24 2
30 24 24 2 33 33 33 24 2 33
7 1 24 2 33 33 24 24 24 28
10 1 28 33 2 33 24 33 33 33
26 33 24 24 24 21 1 2 33 24
29 33 2 33 15 1 24 24 33 24
10 1 24 24 24 24 24 24 33 2
21 1 24 24 28 24 2 33 2 33
2 2 33 24 13 1 24 24 1 24
3 24 24 7 28 24 24 24 1 2
12 24 24 28 24 24 2 33 24 2
8 1 24 24 24 24 24 24 2 33
26 33 7 1 19 1 28 28 24 33
33 24 24 28 24 24 2 33 7 1
0 24 2 33 24 24 2 24 24 24
26 24 2 33 24 2 33 2 33 10
12 24 2 33 24 2 33 7 1 28
29 24 2 33 24 24 33 33 24 16
23 2 33 24 24 24 24 24 33 24
12 33 24 2 33 28 24 24 24 24
21 1 33 24 28 24 24 24 24 24
26 24 2 33 33 24 24 2 33 9
21 1 7 1 24 24 24 1 24 24
6 5 1 7 1 24 1 24 1 24
6 1 2 24 33 33 24 33 24 24
13 1 33 24 33 2 33 2 33 24
3 2 33 22 33 24 19 1 24 2
14 24 24 24 28 3 24 24 24 28
27 24 2 33 33 28 2 24 24 2
17 1 28 28 24 16 1 24 24 33
30 24 24 24 28 24 24 24 30 24
14 24 24 2 33 1 24 24 24 24
15 1 28 28 33 24 24 28 33 24
7 0 24 2 33 24 2 33 2 33
10 1 28 24 24 24 24 24 24 28
12 24 2 24 2 33 24 24 33 11
13 1 28 7 4 1 24 10 1 24
25 24 19 33 33 24 24 24 28 28
25 24 33 33 7 1 13 1 33 2
15 1 2 24 24 2 33 2 33 33
24 24 33 24 7 1 24 28 0 2
0 33 24 28 24 24 24 2 33 24
0 1 24 33 33 2 33 24 33 24
26 33 33 24 24 24 24 24 2 33
31 24 2 33 33 24 24 13 1 24
27 24 2 33 33 33 2 33 19 1
15 1 24 2 33 28 28 24 22 33
24 24 30 33 24 24 24 7 1 24
32 1 33 2 33 24 33 24 2 33
1 2 33 24 28 28 24 24 24 24
27 24 24 33 2 33 24 24 33 2
20 33 24 24 2 33 24 7 1 2
9 1 28 24 2 33 2 33 11 24
26 24 24 24 28 28 24 24 3 2
13 1 2 33 2 33 24 24 24 24
4 1 24 24 24 2 33 24 2 33
5 1 2 33 24 24 24 24 24 24
3 28 24 33 24 24 24 33 24 33
5 1 24 24 2 33 24 7 1 24
10 4 1 24 2 33 2 33 28 24
27 21 16 1 2 33 2 33 24 2
27 2 33 2 33 2 33 24 33 24
18 33 24 2 33 11 24 28 3 8
18 33 24 24 2 33 24 24 24 2
7 1 24 24 24 24 24 4 1 2
0 7 1 24 24 24 1 24 24 2
3 2 33 2 33 33 24 24 2 33
1 24 2 33 24 24 24 28 33 1
14 24 24 33 24 24 24 24 3 7
11 24 24 13 1 24 1 24 1 2
20 33 2 33 2 33 24 24 24 2
13 1 24 28 24 28 24 28 24 24
17 1 24 24 1 24 2 24 24 2
26 24 2 33 13 1 32 1 24 24
10 1 13 1 33 13 1 33 28 28
0 24 24 24 33 24 24 24 24 24
28 7 1 24 24 28 2 33 24 2
15 16 1 7 10 1 7 1 2 24
2 33 24 33 24 24 2 33 24 2
10 1 24 24 24 24 1 2 33 28
28 24 24 28 24 24 28 24 33 24
8 1 28 24 24 24 28 33 24 24
28 24 33 33 24 24 24 24 24 24
20 24 2 33 7 1 24 24 2 33
19 1 7 1 24 24 2 33 24 2
22 33 24 24 24 24 7 1 24 24
26 24 2 33 24 28 24 24 24 2
18 33 2 33 11 24 28 2 33 24
24 24 24 28 33 24 24 28 24 24
9 1 24 24 24 2 33 33 24 24
15 1 24 2 33 24 33 24 2 33
1 24 24 24 28 33 24 28 24 24
33 24 30 33 33 2 33 24 24 24
2 33 24 24 33 24 0 24 24 24
29 24 2 24 24 28 2 33 2 33
3 24 24 2 33 24 2 33 24 2
13 1 13 1 33 24 33 3 24 24
4 1 2 33 24 24 24 28 24 2
17 1 24 28 24 24 24 24 28 33
3 24 19 1 24 33 2 24 4 1
9 1 24 2 33 28 2 24 1 24
9 1 24 24 24 21 1 24 24 33
21 1 24 24 33 2 33 24 28 24
29 24 24 24 33 24 24 24 33 24
10 1 24 24 24 4 1 24 33 2
14 24 24 2 33 24 2 33 28 2
15 1 24 24 28 33 1 1 24 11
17 1 24 33 24 2 24 24 2 33
26 24 24 2 33 24 24 2 33 2
17 1 24 24 19 1 33 2 33 28
23 24 24 2 24 3 28 33 28 24
12 24 2 33 2 33 2 24 24 33
32 1 24 24 2 33 28 24 24 2
12 24 24 24 7 1 21 1 24 24
28 24 24 28 33 24 7 6 1 33
3 0 24 24 2 33 2 24 24 24
28 24 24 19 1 24 24 13 1 24
9 33 33 28 24 24 24 24 1 2
1 28 28 2 33 24 2 33 11 24
11 24 24 24 24 2 33 33 24 24
13 1 24 24 24 2 24 24 24 24
2 33 21 1 24 24 28 2 33 24
2 33 24 24 24 24 24 24 24 33
8 1 33 24 24 2 33 24 24 24
7 1 28 2 33 5 1 2 33 28
3 2 33 2 33 2 33 21 1 24
31 33 24 28 24 2 33 24 24 7
7 1 24 2 24 2 33 24 28 28
29 24 24 2 24 13 1 24 24 33
33 24 24 1 24 24 24 24 24 24
19 1 24 2 33 24 2 33 33 7
31 33 2 24 2 33 33 24 2 33
20 33 2 33 24 28 2 33 33 1
22 33 24 24 24 24 2 24 28 2
28 24 2 33 24 24 24 2 33 24
13 1 24 24 2 33 24 24 2 33
27 1 2 33 24 2 33 33 24 2
13 1 28 2 33 24 24 33 1 24
15 1 24 28 28 7 2 33 24 33
12 24 28 24 33 24 24 24 28 24
25 24 2 33 2 2 33 2 33 2
4 1 24 7 1 33 24 24 24 24
5 1 24 27 8 1 24 13 1 24
7 1 24 24 2 33 24 24 2 33
22 33 24 2 24 24 24 2 33 28
31 33 24 24 24 33 24 28 28 24
17 1 24 24 2 33 28 24 24 2
20 33 24 24 24 24 24 2 2 24
27 24 24 24 2 33 28 33 33 2
25 24 24 2 33 24 24 24 24 24
3 28 24 2 33 33 33 24 33 4
19 1 24 24 7 1 24 33 1 24
26 24 2 33 33 2 33 28 28 24
10 1 24 7 1 33 24 24 24 7
22 33 33 24 1 24 33 2 33 24
5 1 24 24 13 1 28 24 24 2
7 1 2 33 24 2 33 24 24 0
28 24 24 2 33 24 24 28 24 24
3 24 24 2 33 33 24 2 33 24
24 24 24 28 24 33 24 24 24 2
20 2 33 2 33 22 33 2 33 19
23 22 33 24 24 24 24 24 11 24
3 24 24 24 24 28 24 28 2 33
25 24 24 24 24 33 24 28 24 24
3 2 33 24 24 24 28 24 24 24
15 1 24 19 1 2 33 2 33 2
10 1 24 2 33 2 33 24 24 24
10 1 24 24 28 24 2 33 2 33
28 1 24 24 20 24 24 33 2 33
7 1 33 2 33 4 1 24 2 33
29 24 24 1 12 24 24 24 24 24
1 28 24 0 24 24 24 24 2 24
30 24 2 33 33 1 24 7 1 24
22 33 24 24 2 33 24 28 2 33
0 2 33 24 28 24 24 28 24 2
21 1 24 28 24 2 33 24 2 24
8 1 28 24 24 33 24 28 24 28
31 33 19 1 2 33 24 24 28 2
15 1 24 24 7 4 1 28 33 24
8 1 28 2 33 19 1 21 1 28
26 24 1 33 24 2 33 24 24 24
10 1 2 33 24 33 2 33 33 24
21 1 24 24 24 24 24 0 24 24
25 24 24 33 2 33 2 33 24 33
18 33 19 1 24 24 24 33 24 6
13 1 2 33 30 24 24 24 28 24
0 24 33 33 2 33 24 24 2 33
27 24 24 24 24 24 24 24 28 24
26 24 30 24 24 2 33 24 24 10
18 33 33 24 24 33 7 1 28 24
13 1 24 24 1 24 33 2 33 1
25 24 24 2 24 24 24 24 28 24
17 1 33 24 2 33 33 24 24 24
33 24 3 24 16 1 2 33 2 33
20 33 24 7 1 24 24 28 24 24
2 33 28 2 33 24 24 2 33 24
19 1 7 1 28 2 33 2 1 24
10 1 24 24 24 24 24 13 1 24
9 1 24 2 33 33 24 24 28 7
3 28 33 24 24 24 2 33 13 1
20 33 24 24 1 2 2 33 28 33
33 24 28 24 24 1 24 5 16 1
5 1 33 1 24 33 24 24 2 33
1 24 2 33 24 24 24 24 24 24
31 24 24 24 24 33 24 2 33 2
33 24 24 24 2 33 33 2 33 24
1 24 2 33 16 1 13 4 1 24
9 10 1 33 24 28 24 24 24 21
23 28 24 24 19 1 11 24 24 33
14 24 28 24 2 33 33 24 13 1
20 33 24 33 33 2 33 24 24 24
