29 24 24 24 2 33 33 1 24 24
15 5 1 2 28 2 33 2 33 24
11 24 2 33 2 33 28 24 24 2
24 2 24 2 33 28 24 24 24 33
1 28 1 24 33 2 33 24 24 24
33 24 28 24 24 5 1 24 24 28
1 24 24 1 28 24 32 1 2 33
5 1 4 1 24 24 24 24 33 24
12 24 24 7 1 28 24 24 24 2
27 9 1 24 28 24 33 24 13 1
25 24 24 24 24 2 33 28 2 33
20 33 24 24 24 2 33 24 24 24
26 24 13 5 1 24 1 24 33 24
11 24 2 33 2 33 1 1 24 24
4 28 24 24 24 24 24 2 33 24
15 1 2 33 1 24 24 24 28 24
23 24 24 24 24 24 33 24 24 21
3 28 7 1 24 24 24 24 33 28
29 24 33 24 2 33 33 24 24 24
30 24 24 0 24 2 33 24 24 24
20 33 2 33 24 13 1 33 24 33
3 2 33 24 24 28 2 33 19 1
6 1 7 1 3 24 2 33 24 24
25 24 24 24 28 33 28 24 16 1
15 1 28 2 24 24 24 24 24 33
27 33 11 24 28 24 24 24 24 24
33 24 24 24 7 1 1 33 19 1
10 16 1 33 2 33 24 2 33 2
9 1 7 1 24 33 24 24 24 2
24 24 24 24 2 33 24 33 24 24
9 1 33 24 24 24 24 7 1 7
6 1 13 1 24 28 24 24 2 33
27 7 1 24 24 24 24 33 33 24
32 1 33 24 24 24 24 15 1 28
3 2 33 24 24 24 28 2 33 26
8 1 24 2 33 2 33 28 24 33
22 33 2 33 24 33 24 28 1 24
33 24 2 33 7 1 24 28 2 33
1 2 33 7 1 28 28 33 24 24
32 1 2 33 24 24 24 24 28 28
6 1 24 24 24 2 33 13 1 24
1 13 1 33 24 24 33 24 24 2
0 24 30 33 1 24 24 24 33 24
29 24 24 24 24 24 33 2 33 2
12 24 24 2 33 24 28 24 24 28
16 1 24 2 33 24 24 2 33 24
15 1 28 22 33 24 24 28 24 24
22 33 3 24 24 24 24 19 33 33
23 24 24 24 24 33 33 2 33 24
21 1 24 10 1 24 28 24 2 33
17 1 33 24 24 24 24 2 33 7
4 1 24 2 33 24 24 33 24 2
27 24 13 1 27 28 2 33 24 24
14 24 2 33 24 4 1 2 33 28
9 1 28 24 24 24 24 24 2 33
25 24 24 33 2 33 33 28 24 4
28 24 24 33 28 2 33 24 24 33
16 1 2 33 24 7 4 1 28 24
18 33 22 33 33 24 24 24 24 24
29 24 24 2 2 28 24 24 2 33
2 33 28 28 24 24 24 24 2 33
13 1 28 24 24 24 24 30 24 24
30 24 28 2 33 24 24 24 24 7
6 1 24 2 33 2 33 28 33 11
12 33 22 33 24 24 24 24 2 33
9 1 24 24 2 33 33 24 1 33
18 28 7 2 33 7 1 19 1 2
30 24 24 2 33 2 33 1 24 24
22 33 1 24 6 1 24 24 24 24
9 1 33 13 1 24 24 33 28 24
21 1 2 33 2 33 19 1 28 33
1 24 13 1 24 33 24 30 24 24
2 33 24 30 33 2 33 24 1 24
4 1 28 24 30 24 2 33 24 24
18 33 28 24 24 24 24 24 2 33
32 1 24 24 2 33 2 33 16 1
1 28 33 24 2 24 24 4 1 28
10 1 2 33 24 24 24 24 24 24
19 1 24 24 24 24 24 2 33 2
24 24 24 24 28 24 24 33 24 24
12 24 2 33 24 2 33 2 33 2
13 1 7 1 28 7 1 24 24 24
8 1 28 2 33 24 13 1 24 24
16 1 33 28 24 2 33 28 24 24
29 24 24 33 2 2 33 13 16 1
15 1 24 28 24 28 2 33 28 24
3 33 24 24 33 24 33 24 2 33
12 24 24 7 1 2 33 2 33 2
25 24 24 24 2 33 2 33 24 2
20 33 24 24 24 28 24 28 19 1
26 24 7 1 4 1 24 2 33 24
7 1 24 2 33 24 24 2 33 33
24 16 1 24 24 24 24 24 33 24
18 33 24 2 33 2 33 24 28 24
7 1 24 28 24 2 33 24 28 1
1 24 28 24 2 33 24 2 24 7
0 1 24 28 24 28 24 24 19 1
5 1 24 24 6 1 24 33 2 24
10 1 33 24 24 24 7 1 28 24
31 24 33 24 2 33 21 1 24 24
7 16 4 1 33 2 33 24 24 24
15 1 1 24 24 24 24 28 24 2
31 24 24 2 33 2 33 2 33 24
11 24 2 33 24 28 2 33 24 33
14 24 24 24 10 1 24 28 24 24
24 24 24 24 33 5 10 1 24 28
27 28 13 2 33 24 2 33 33 28
32 1 24 2 33 24 24 7 1 24
16 1 28 2 24 24 24 2 33 28
6 1 11 24 24 24 2 33 24 24
6 1 24 33 24 24 24 24 8 4
13 1 22 33 24 24 33 24 28 28
15 1 2 33 0 2 33 2 33 9
22 33 7 1 2 33 28 22 33 2
22 2 33 24 33 24 21 1 28 24
33 28 24 24 33 7 1 2 33 0
4 1 24 28 2 33 24 24 2 33
11 24 2 33 10 1 2 33 1 24
30 24 2 33 0 28 2 33 1 28
23 28 33 24 28 24 24 24 28 33
22 33 16 1 33 24 24 24 13 1
15 1 9 1 33 33 24 24 28 33
26 24 28 24 24 33 2 33 33 24
12 24 24 2 33 28 28 2 24 33
4 1 24 24 4 1 24 2 33 28
28 2 33 33 24 28 33 13 1 2
19 1 33 28 24 24 24 33 13 1
15 1 24 24 33 24 2 33 24 24
2 24 11 24 24 2 33 24 33 2
21 1 33 1 24 24 24 24 2 33
19 1 24 28 24 24 24 28 19 1
7 1 2 33 33 1 2 33 2 33
11 24 24 28 24 28 2 33 24 24
18 33 2 33 2 24 24 33 2 33
32 1 5 1 1 33 6 16 1 24
12 24 24 7 1 2 33 33 24 28
23 33 24 33 24 24 24 24 33 24
19 5 1 30 24 24 24 24 2 33
23 28 33 24 24 28 24 28 24 24
9 4 1 24 24 24 33 5 1 24
15 1 24 0 7 1 28 33 33 24
23 22 33 2 33 24 7 1 24 24
13 1 24 2 33 24 28 24 1 2
22 33 2 24 28 24 24 24 2 24
32 1 24 28 13 1 24 28 33 28
23 24 33 7 1 24 33 28 24 33
14 24 28 24 2 33 24 24 32 1
3 24 24 33 2 33 24 2 33 28
7 28 28 0 2 33 24 28 24 24
32 1 28 24 13 1 24 24 33 28
30 24 2 33 24 33 24 24 2 33
17 1 11 33 24 24 24 24 28 2
7 1 33 24 24 24 8 1 33 24
33 33 28 24 24 1 2 33 28 24
7 1 33 24 28 24 24 21 1 2
23 24 33 24 2 33 24 24 1 28
11 33 28 24 28 24 33 24 2 33
5 1 24 24 24 28 24 2 33 24
24 24 24 33 13 28 2 33 33 33
1 24 24 24 2 33 24 4 1 33
10 1 1 2 33 24 2 33 0 2
21 1 24 24 24 28 24 24 24 1
8 1 2 33 24 24 24 24 2 33
32 16 1 24 2 24 28 24 28 24
16 1 24 28 24 33 24 33 33 24
7 1 24 28 24 24 24 7 1 2
3 24 24 24 10 16 1 24 33 24
26 24 24 24 24 33 24 24 33 24
4 1 24 2 33 24 33 28 24 24
26 24 28 24 24 7 1 21 1 24
1 26 24 2 33 24 24 24 24 24
8 1 2 33 1 24 33 24 33 24
15 1 13 1 33 24 24 28 33 2
13 1 33 2 33 1 5 1 33 33
9 1 2 33 24 33 13 1 24 24
31 1 1 33 28 24 24 2 24 24
33 24 2 33 33 2 33 24 24 21
29 33 24 28 24 24 24 33 24 24
23 28 13 1 24 33 24 24 24 2
21 1 33 33 24 33 13 1 24 24
15 1 24 0 24 2 33 24 2 33
20 33 24 28 2 33 24 24 24 2
27 19 1 24 2 33 28 15 1 24
11 33 24 24 24 2 33 24 24 24
25 24 24 24 33 24 2 33 24 24
12 24 2 33 24 28 33 24 2 33
25 24 2 2 33 24 24 28 0 24
4 1 24 2 33 24 33 24 30 33
1 33 24 24 33 28 24 24 2 33
6 1 7 28 24 24 24 24 2 33
16 1 2 33 33 13 1 2 33 24
30 24 33 2 33 2 33 24 24 24
29 24 24 24 28 2 33 4 1 24
1 24 24 24 24 28 7 1 7 1
26 24 2 33 28 33 24 24 33 24
14 24 24 24 24 24 8 1 28 28
19 1 24 24 28 28 24 24 2 24
13 1 28 24 4 1 2 33 2 33
13 1 33 24 33 2 33 13 1 33
17 1 24 11 24 2 24 2 33 24
31 33 24 1 33 33 33 24 33 28
1 33 24 28 28 24 24 28 33 2
6 1 24 33 24 24 33 24 24 28
2 33 24 24 1 24 2 33 24 33
4 1 28 33 24 2 33 24 24 33
16 1 24 24 2 33 24 24 24 28
16 1 24 7 1 24 24 7 1 2
15 1 28 33 2 33 2 33 24 24
2 24 33 24 33 24 2 33 33 24
14 24 2 33 33 24 2 24 1 24
29 24 24 24 2 33 28 1 24 24
20 33 33 24 24 24 33 33 1 24
13 28 24 24 24 28 2 33 33 28
0 24 33 24 24 24 24 24 24 2
10 1 33 7 1 22 33 7 1 24
15 1 24 28 24 24 24 24 28 2
20 33 2 33 33 24 28 24 24 33
2 33 24 24 33 24 24 2 33 24
32 1 24 24 28 2 33 24 24 1
14 33 24 24 24 24 24 24 2 33
3 2 33 24 33 24 24 24 24 28
1 28 28 2 33 24 2 33 28 7
27 28 1 24 24 24 24 24 28 2
31 33 33 24 24 24 24 33 28 24
17 1 24 33 24 24 1 24 24 24
9 1 2 24 24 24 33 2 33 33
10 1 24 24 24 24 2 33 28 24
24 2 33 28 33 24 24 24 2 33
33 28 2 33 33 24 24 24 24 1
6 1 33 24 1 33 28 24 2 33
4 1 24 2 33 24 24 24 24 28
7 1 24 28 28 24 24 33 33 24
5 1 24 24 33 24 3 24 24 24
26 24 28 24 19 1 28 2 33 24
5 1 33 33 28 24 7 1 24 10
7 1 2 33 29 24 33 24 2 33
9 1 4 1 24 24 24 33 24 24
23 24 24 24 24 24 24 2 33 24
26 24 24 24 24 2 33 24 28 33
23 2 2 24 24 33 24 2 33 7
18 33 24 24 24 24 2 33 10 1
9 1 24 2 33 24 24 24 13 1
24 33 24 19 1 24 0 28 24 24
25 24 24 24 24 24 24 28 2 33
20 24 24 2 33 24 24 24 24 2
1 24 24 24 2 33 24 24 24 24
13 1 24 24 4 16 1 2 33 24
4 1 19 1 33 24 2 33 24 24
31 33 24 24 28 19 1 1 2 33
6 1 24 7 1 24 4 1 24 28
31 33 28 28 24 1 2 33 2 2
33 2 33 13 1 24 2 33 2 33
32 1 33 24 33 24 24 24 2 33
16 1 24 24 24 2 33 28 2 33
16 1 21 1 24 24 24 13 1 24
27 24 24 24 7 1 24 24 2 33
5 2 33 24 24 24 28 24 24 24
28 2 33 24 24 2 33 24 24 28
28 24 28 24 2 33 24 24 33 24
7 1 2 33 33 24 24 24 28 24
20 24 24 24 19 1 28 24 28 28
17 1 28 2 33 33 24 28 24 24
26 24 1 24 2 33 28 24 19 1
31 33 24 28 24 30 24 24 2 33
6 1 24 33 24 24 28 24 24 24
13 1 24 10 1 24 28 2 33 24
30 24 2 33 24 28 28 24 24 28
15 1 2 33 24 33 1 24 24 2
6 1 13 1 33 13 1 33 28 24
23 24 13 1 2 33 28 24 24 33
21 1 2 24 33 24 24 33 24 2
13 1 2 33 24 2 33 24 33 33
26 24 24 28 2 33 33 24 24 24
22 33 24 2 33 13 1 24 2 1
18 24 24 24 24 24 2 33 24 24
7 1 24 28 2 33 28 30 24 1
16 1 7 1 24 24 24 28 24 7
19 1 0 24 16 1 13 1 24 8
16 1 24 24 24 28 24 10 1 24
4 28 2 24 24 24 13 1 24 28
16 1 7 10 1 24 21 1 7 1
18 33 24 24 2 33 24 33 33 2
31 24 0 33 24 24 24 24 24 24
7 1 24 24 24 24 24 24 24 24
19 1 2 33 24 24 24 2 33 24
31 24 24 24 33 24 2 33 2 24
10 10 1 24 33 24 33 24 24 24
2 33 2 33 33 1 28 24 24 24
23 24 24 24 24 24 24 24 2 33
4 4 1 24 24 24 24 24 28 4
22 2 33 33 28 24 24 24 24 2
8 1 28 24 24 24 22 2 33 28
18 33 24 19 1 28 24 24 28 28
32 1 24 28 28 24 24 2 33 2
18 33 33 33 24 24 24 24 24 24
33 24 2 33 33 24 28 33 33 33
31 33 2 33 24 24 24 24 24 2
12 24 24 2 33 0 2 33 24 24
4 1 1 22 33 33 24 24 24 24
31 33 2 33 7 1 1 7 1 7
23 24 24 24 24 24 24 24 24 24
12 33 28 33 24 28 24 33 24 11
15 1 7 2 33 24 2 33 24 2
26 24 2 24 24 24 4 1 24 2
32 1 28 33 24 7 1 24 2 2
9 1 33 24 24 4 1 7 2 24
15 2 33 24 24 28 13 1 7 1
16 1 33 28 24 24 7 24 21 28
19 1 2 33 28 24 33 24 24 24
11 24 28 33 28 24 24 28 33 2
1 27 24 24 24 33 24 24 24 24
1 1 28 2 33 24 24 7 1 24
23 24 3 24 24 24 2 33 24 30
10 1 32 1 24 2 33 24 24 24
8 1 2 33 24 24 28 33 2 33
31 33 2 33 24 24 33 24 28 24
30 24 28 24 24 24 24 24 33 24
25 24 24 24 33 2 33 33 33 24
33 24 33 2 33 2 33 24 24 2
30 24 24 24 24 33 2 33 24 24
31 33 24 24 28 24 24 24 33 2
25 24 24 24 33 33 33 24 24 24
0 33 33 24 24 33 24 24 24 24
1 24 24 24 24 24 28 28 24 24
30 24 2 33 24 2 33 33 28 24
6 1 33 24 28 24 7 1 28 24
3 2 24 24 28 28 24 33 24 24
9 28 7 1 24 2 33 2 33 24
10 1 33 24 2 33 24 2 33 33
23 24 13 1 33 24 24 33 33 24
18 24 1 24 2 33 28 24 24 24
19 1 2 33 33 33 24 22 33 33
24 24 28 24 24 24 24 24 2 33
6 1 24 24 24 24 24 2 33 24
5 16 1 24 5 1 24 24 24 28
32 1 24 24 2 33 24 24 24 13
0 24 24 24 26 24 24 24 24 24
3 24 2 33 24 24 24 24 24 24
16 1 33 33 24 2 33 28 2 33
28 33 24 24 2 33 24 33 24 24
17 1 1 24 2 33 24 24 2 33
12 24 2 24 24 24 28 24 24 24
17 1 1 0 24 24 24 24 28 28
23 33 28 2 33 28 24 24 2 33
30 24 24 28 24 16 1 33 2 33
21 1 28 11 24 24 28 24 2 33
27 28 24 21 1 24 28 28 2 24
25 33 1 2 33 24 24 24 24 24
20 24 33 24 24 24 6 1 24 24
5 1 2 33 24 33 24 24 33 1
23 27 24 7 1 24 24 33 13 1
12 24 13 1 24 33 1 28 24 28
33 24 24 28 24 24 33 24 24 24
9 4 1 24 24 24 24 4 1 24
32 1 28 2 33 1 28 28 24 28
18 33 24 28 28 1 24 28 24 24
16 16 1 24 2 24 2 33 2 33
19 1 24 2 33 24 24 28 25 24
29 24 24 33 4 1 2 33 28 24
31 33 33 22 33 1 24 24 33 33
3 24 33 24 24 33 24 24 1 33
23 3 24 7 1 24 2 24 2 33
32 10 1 24 24 24 33 28 24 24
24 33 24 24 3 28 28 2 33 24
2 24 24 24 33 9 1 24 2 24
16 28 24 24 1 2 33 24 33 24
17 1 2 33 24 28 28 2 24 24
0 2 24 24 1 1 2 33 24 28
29 24 24 24 33 2 33 33 24 24
29 24 7 1 33 24 7 1 28 24
13 1 24 28 24 33 24 24 33 24
22 24 24 24 28 24 24 2 33 3
16 1 2 33 24 28 7 1 22 33
33 28 24 2 24 24 24 28 2 24
20 33 24 22 33 24 28 24 24 24
31 33 1 28 28 11 24 2 33 24
24 2 33 24 24 33 2 33 33 24
17 1 24 24 33 10 1 28 24 33
4 1 24 28 28 2 33 33 24 24
12 24 2 33 24 2 33 28 24 24
13 1 24 24 13 1 13 10 1 7
26 24 6 1 1 24 28 33 24 33
24 2 24 24 33 24 21 10 1 2
31 33 24 24 2 33 24 1 24 2
17 1 2 33 33 24 24 24 24 24
14 24 24 2 2 33 33 22 33 33
25 24 24 33 2 33 24 24 24 2
20 33 28 24 24 24 24 33 24 24
5 4 1 24 28 2 33 3 28 2
24 7 1 2 24 1 33 24 24 24
19 1 24 33 24 33 24 24 2 33
22 33 24 24 2 33 2 33 4 1
10 1 24 28 13 1 24 24 33 33
6 33 13 1 33 24 24 24 24 24
5 1 19 1 24 28 33 24 2 33
23 24 2 33 24 24 24 2 33 2
31 2 33 24 28 24 24 10 1 33
23 2 33 29 33 24 2 33 24 24
4 1 24 24 2 33 8 1 24 28
1 33 24 24 24 24 24 24 2 33
8 1 28 24 1 13 1 24 24 4
26 24 24 33 2 33 24 24 24 24
25 24 33 19 1 2 33 33 2 33
23 33 33 28 33 24 7 1 2 33
1 7 1 19 10 1 31 33 24 2
9 1 29 24 28 24 31 33 29 33
11 24 24 24 24 28 24 33 24 24
22 33 24 24 24 24 2 33 24 2
14 24 28 24 4 1 24 7 1 24
17 1 10 1 1 24 24 24 2 33
32 1 33 33 24 24 7 1 24 24
29 24 24 33 24 33 24 7 1 24
23 33 24 24 24 7 1 2 33 24
20 33 33 2 33 33 3 24 33 24
14 24 24 24 28 7 1 24 24 24
18 33 24 24 24 24 24 13 1 2
27 2 33 2 33 24 33 28 24 24
19 1 24 24 24 24 24 2 33 24
26 24 33 24 28 2 33 24 2 33
4 10 1 2 33 24 24 24 24 24
2 33 2 33 24 33 24 24 2 33
10 1 13 1 24 28 2 24 24 19
7 1 24 28 24 24 2 33 24 24
14 24 24 2 33 2 33 13 1 24
6 1 33 24 24 28 24 28 24 24
5 1 24 24 24 28 24 24 24 33
33 24 24 2 33 33 7 1 24 24
4 1 2 33 2 33 24 33 24 24
22 24 24 24 24 2 33 24 2 24
18 33 24 2 24 24 24 24 28 2
33 19 1 28 33 24 10 1 2 33
29 24 24 24 24 24 2 33 2 1
15 1 2 2 33 2 33 24 24 24
4 1 24 24 24 24 13 1 24 2
4 1 24 33 2 33 1 24 2 33
3 24 28 24 24 24 33 2 33 24
13 1 1 2 33 24 2 33 24 24
25 24 24 33 24 24 24 33 24 2
21 1 24 15 1 24 24 24 28 33
22 24 33 24 24 33 28 24 33 24
15 1 2 24 28 24 33 24 33 24
23 24 2 25 24 33 24 24 28 24
17 1 24 2 33 24 2 33 2 33
31 33 28 15 16 1 33 28 33 24
12 24 7 1 24 2 33 33 24 24
0 24 28 2 33 24 24 2 33 7
12 24 33 2 33 2 33 2 33 9
20 33 2 33 24 24 24 24 24 2
12 24 24 28 13 1 28 7 1 2
7 1 2 33 33 7 33 2 33 2
17 1 1 28 24 24 28 33 2 33
11 24 28 2 33 2 33 33 2 33
11 24 28 24 2 24 24 33 24 2
20 33 24 2 33 2 33 28 24 2
11 24 13 1 24 13 1 33 24 24
7 1 33 28 2 33 24 2 24 24
23 24 24 24 28 24 24 24 13 1
22 33 24 33 1 28 24 28 24 24
28 33 24 24 24 24 2 33 24 24
32 1 2 33 24 16 16 1 24 33
10 1 24 24 28 13 1 24 24 24
13 28 24 24 7 1 2 33 24 24
1 28 2 33 33 33 24 24 24 24
2 33 33 24 24 1 24 24 2 33
16 1 24 2 33 24 1 24 24 24
15 1 24 24 24 24 24 24 28 24
32 1 24 11 24 1 2 33 24 33
31 33 24 2 33 13 1 33 24 24
11 24 24 24 24 24 2 28 24 2
26 24 2 33 24 24 24 2 33 2
27 24 24 24 24 3 24 2 33 24
20 33 24 24 33 33 2 33 24 28
28 24 24 24 24 8 1 28 24 24
7 1 24 24 24 33 33 2 33 28
15 1 1 33 24 2 33 24 1 24
7 1 24 6 1 1 19 5 1 19
2 33 24 24 33 2 33 28 2 24
23 2 33 24 4 1 11 24 24 24
14 24 4 1 2 24 28 24 2 33
11 24 28 24 20 33 33 2 33 2
24 28 2 33 24 33 24 28 24 33
26 24 24 24 24 24 28 24 19 28
0 24 24 24 24 24 16 1 5 1
32 1 24 24 24 21 1 24 2 33
32 1 33 33 24 24 2 33 24 2
22 33 24 2 33 24 24 7 1 24
7 2 33 2 24 33 24 4 1 24
33 13 1 24 2 33 24 24 7 1
33 28 1 24 33 24 24 24 33 33
23 24 7 5 10 1 1 24 28 19
5 1 33 10 1 24 2 24 28 2
10 1 33 24 24 33 16 1 33 33
15 1 24 2 33 24 28 1 28 24
5 1 24 24 2 33 24 24 24 24
13 1 2 33 2 33 2 33 2 33
7 16 1 2 33 24 28 24 24 24
16 1 33 24 33 24 24 33 13 1
20 33 2 33 24 33 7 1 9 1
27 1 24 24 1 33 24 24 1 24
24 28 24 28 24 33 28 2 33 7
22 33 2 33 24 24 33 24 2 33
13 1 24 2 33 24 2 33 24 30
27 24 2 33 28 28 19 1 33 33
23 24 24 24 24 24 33 24 33 33
14 24 33 24 28 2 33 19 8 1
6 1 24 24 28 24 13 1 24 28
24 24 2 33 28 2 33 24 2 33
4 1 28 24 28 2 33 2 33 24
33 29 24 24 24 24 33 24 24 2
11 24 24 2 33 33 7 1 24 22
23 2 33 33 33 24 24 24 24 2
6 1 2 33 28 2 33 24 33 2
13 1 24 24 2 33 28 16 1 24
29 24 24 24 24 2 33 24 2 33
0 24 24 33 24 24 2 33 33 24
6 1 13 1 24 24 24 24 2 33
21 1 24 2 33 24 28 24 24 24
3 33 24 24 2 33 2 33 24 24
5 1 24 24 24 24 7 5 1 7
21 1 2 33 24 33 2 33 1 13
5 2 33 2 33 24 24 28 24 24
18 33 33 33 19 1 24 24 13 33
12 24 28 24 33 24 24 2 24 24
23 2 33 33 2 33 24 24 28 7
30 24 24 33 28 7 1 28 24 24
27 33 24 24 24 33 24 28 24 33
33 28 2 33 24 24 28 24 28 24
31 33 24 2 33 24 2 33 24 24
19 28 24 24 33 28 24 24 7 1
24 24 11 24 24 28 24 24 33 7
28 2 33 24 24 24 28 2 33 24
6 1 2 33 33 33 13 28 24 7
15 1 24 1 2 33 24 24 24 2
24 2 33 24 24 33 24 2 2 33
0 28 2 33 24 3 33 2 33 33
12 24 33 24 24 28 24 33 28 24
25 24 7 1 24 28 24 33 24 13
32 1 33 28 24 24 24 24 24 24
6 1 24 33 24 24 24 2 33 2
26 24 11 24 24 2 33 28 24 24
7 1 24 24 24 24 24 24 24 28
10 1 13 1 24 24 24 24 24 28
28 2 33 24 7 1 28 24 28 2
8 1 28 24 24 24 28 33 33 33
32 1 24 24 2 33 28 2 33 24
11 24 24 1 24 33 28 2 33 7
33 24 33 2 33 24 24 24 24 33
15 1 24 2 33 24 24 2 33 24
11 24 24 24 33 24 24 24 24 2
0 24 2 33 2 33 33 16 1 24
1 28 2 33 2 33 24 24 24 24
23 33 33 24 24 28 24 24 24 2
28 33 33 24 7 1 33 24 24 24
8 1 24 33 22 33 24 24 28 0
5 1 24 24 24 33 33 24 24 24
17 1 24 28 2 33 21 1 28 24
19 1 28 2 24 24 24 24 24 33
5 1 27 7 1 24 24 24 24 2
13 1 24 24 24 2 24 24 4 1
5 5 1 28 24 24 24 24 24 2
21 1 24 28 24 24 28 13 1 3
2 33 2 33 24 2 33 24 24 24
10 1 24 33 28 33 28 24 2 24
16 28 33 24 33 33 28 24 24 24
32 1 24 1 24 24 2 33 24 24
28 24 24 28 24 2 33 28 24 28
24 24 2 33 8 1 24 24 24 24
19 1 24 24 33 33 24 24 24 24
15 5 1 24 33 33 33 28 33 24
7 1 33 24 24 33 13 1 24 24
20 33 24 24 24 2 33 24 2 33
26 24 24 33 24 2 24 13 1 2
25 24 28 24 28 24 28 22 33 24
15 1 24 24 24 24 28 2 33 28
33 2 33 33 24 28 24 1 28 11
11 24 24 24 2 33 24 24 28 24
7 1 33 33 24 24 24 2 33 24
31 33 24 2 33 2 33 2 24 2
3 24 33 24 24 24 24 24 2 33
22 33 2 33 24 33 28 24 1 24
16 1 24 24 28 24 1 2 33 33
12 24 33 33 24 24 24 24 22 33
24 33 2 24 24 24 2 2 33 24
30 24 24 24 2 33 2 33 1 24
9 1 24 24 24 2 33 24 16 1
31 33 24 33 24 2 33 24 2 33
28 33 2 33 24 33 28 24 13 1
28 28 2 33 24 19 1 28 24 2
25 33 24 24 2 33 24 7 1 33
20 33 24 24 1 24 2 33 2 2
0 24 31 33 24 4 1 24 24 24
9 1 33 33 24 24 24 2 33 28
9 1 24 24 1 24 2 33 24 24
29 24 1 2 33 24 24 33 13 1
25 24 13 1 11 24 24 24 21 1
1 13 1 33 24 28 24 24 24 24
19 4 1 33 33 28 9 1 28 24
29 24 2 33 24 2 33 24 24 24
1 33 24 2 33 2 24 24 24 24
23 13 1 24 24 24 2 33 24 2
1 33 7 1 28 33 24 2 33 24
16 1 28 28 28 24 2 33 24 24
10 1 24 2 33 24 24 33 24 28
12 24 24 7 1 24 28 24 24 33
31 33 24 33 24 33 33 24 2 24
13 28 24 1 24 24 33 24 28 24
14 24 24 2 33 2 33 0 28 2
16 1 2 33 24 24 2 33 2 33
9 1 24 33 2 24 24 28 33 2
10 1 2 33 24 24 1 24 24 24
8 1 28 24 24 24 2 33 2 33
11 24 24 24 0 24 24 24 33 33
20 33 24 24 24 24 2 33 24 24
4 16 1 24 28 1 33 24 28 2
17 1 24 24 24 28 33 33 24 2
17 1 2 33 24 24 24 24 28 24
1 33 24 24 24 24 24 28 33 24
13 1 7 1 28 24 33 24 33 24
26 24 24 28 1 24 2 33 2 33
24 10 1 24 28 24 24 2 33 33
18 33 7 1 24 24 24 24 24 7
15 1 29 24 33 2 33 24 1 24
11 24 33 24 13 1 2 33 2 33
12 24 24 1 4 28 24 33 11 24
28 24 24 1 2 33 3 24 24 2
25 24 2 33 24 24 33 24 24 24
28 24 33 24 24 24 33 2 33 24
31 33 2 33 24 2 33 24 24 28
23 0 2 33 3 33 33 28 2 33
14 24 24 24 33 33 24 28 24 24
13 1 33 24 24 24 2 33 24 28
20 33 24 24 33 24 24 24 33 2
24 24 24 24 24 24 33 22 33 24
7 1 24 24 19 1 24 28 33 28
26 24 28 28 28 1 33 24 24 24
7 1 24 24 33 33 2 33 24 24
13 4 1 24 24 33 2 33 24 33
31 33 24 24 21 1 33 24 24 2
0 24 24 24 33 24 24 24 2 24
10 1 24 28 13 1 24 24 24 21
26 24 24 1 24 33 2 33 24 24
5 2 33 24 13 1 33 7 1 28
22 33 24 1 24 28 2 33 24 24
10 28 24 24 33 7 1 24 24 10
24 2 33 24 24 24 24 2 33 5
27 2 33 24 24 24 28 2 33 7
4 1 33 24 24 2 24 28 24 2
15 1 7 1 2 33 24 2 33 2
30 24 33 2 33 24 24 28 2 33
2 33 2 33 2 33 33 24 13 1
10 1 24 24 2 33 24 28 28 33
9 1 24 24 28 19 1 24 24 24
13 1 33 24 13 1 8 1 24 24
11 24 28 24 24 2 33 24 24 24
24 33 24 24 24 2 33 24 2 24
32 1 24 24 24 24 24 2 33 3
21 1 21 1 24 19 1 33 1 24
21 1 24 2 33 24 2 33 19 1
31 33 2 33 24 24 24 24 28 24
25 24 2 33 24 1 7 1 28 28
13 1 33 24 28 33 7 1 24 28
2 2 33 2 33 24 13 1 24 24
7 1 13 1 24 28 24 24 2 33
33 28 24 33 24 24 24 24 24 9
21 1 11 24 2 33 2 33 28 2
16 1 2 33 2 33 29 24 24 24
9 1 24 24 4 1 24 24 33 2
1 2 33 1 2 24 2 33 2 33
7 1 24 24 24 33 24 24 24 24
29 24 2 24 24 24 24 24 24 24
28 24 24 24 22 33 24 19 1 24
5 1 1 2 33 24 24 24 24 24
2 24 2 33 2 33 24 33 33 7
28 24 3 24 24 24 24 24 24 24
23 24 28 2 33 33 33 33 24 24
17 1 2 33 24 2 33 28 7 1
21 10 1 33 24 24 24 24 24 24
8 1 2 33 2 33 24 24 28 24
27 1 2 33 2 33 24 28 24 28
10 1 24 2 33 24 28 1 28 33
3 24 33 13 1 24 24 1 24 24
16 1 2 33 24 33 28 24 24 28
15 28 28 1 16 1 24 24 24 2
11 24 24 24 2 33 24 33 24 24
27 24 24 24 24 28 33 24 24 4
8 1 24 33 33 33 24 33 24 2
8 1 24 24 24 2 33 24 24 2
11 24 28 28 28 33 24 2 33 24
29 24 24 2 33 24 24 24 33 28
16 1 24 2 33 24 24 24 24 13
16 1 25 24 24 16 1 24 28 2
9 1 24 24 33 24 24 24 28 24
4 1 24 33 33 24 24 28 33 24
15 1 24 24 28 2 33 24 33 24
14 24 24 24 24 2 33 24 24 24
32 2 33 2 33 2 33 24 24 28
5 1 2 33 33 24 2 33 2 33
27 24 28 2 33 4 1 24 24 2
6 1 33 24 24 2 33 2 33 24
19 1 33 5 1 24 24 1 24 7
1 24 24 24 24 24 24 24 33 24
17 1 24 24 24 2 33 24 2 33
33 24 24 22 33 33 24 24 24 24
4 1 24 24 24 24 33 2 33 24
16 1 24 2 33 3 1 33 11 24
4 1 24 28 33 24 4 1 2 24
17 1 24 24 24 24 24 28 24 24
16 1 24 24 24 24 24 33 1 28
0 3 2 33 24 4 1 28 24 24
9 1 7 1 24 24 24 24 1 2
19 2 33 24 24 24 24 24 24 28
33 24 7 1 24 24 33 24 2 33
27 28 33 2 33 2 33 2 33 24
13 1 33 33 21 1 24 28 24 1
19 1 33 33 24 24 2 2 33 24
0 24 28 33 24 24 24 24 33 28
12 24 24 24 28 2 33 24 33 28
4 1 2 33 24 24 28 2 33 13
18 33 24 2 33 24 24 24 33 7
19 1 24 28 24 4 1 24 24 28
21 1 24 24 33 2 33 24 2 24
29 24 24 2 33 24 24 28 24 33
13 1 33 33 24 24 33 28 33 19
8 5 1 24 1 28 33 28 28 2
21 1 24 13 1 5 1 24 24 2
8 1 24 24 28 2 33 24 28 33
9 1 24 2 33 24 2 33 24 1
9 1 24 28 33 5 1 7 1 33
12 24 24 33 1 24 28 28 33 24
2 33 33 24 33 2 33 24 33 28
30 24 24 24 24 24 24 24 33 24
32 1 24 33 24 24 24 28 24 33
8 1 24 24 28 16 1 24 2 33
30 24 24 24 24 33 28 24 24 24
33 33 33 7 1 2 33 2 33 24
20 33 2 33 33 2 33 33 24 28
1 24 2 33 24 24 24 24 24 33
1 24 24 2 33 24 24 24 24 2
27 28 24 2 33 4 1 24 24 24
8 1 1 28 24 2 24 2 33 28
29 24 2 33 28 2 33 24 28 24
20 33 33 24 13 1 24 33 28 33
31 33 2 33 33 24 24 2 33 24
31 24 1 24 28 9 1 24 24 24
1 24 24 11 24 28 2 2 33 24
29 24 28 2 33 24 24 24 24 2
21 1 24 24 4 1 2 24 2 33
30 24 2 33 24 24 24 24 24 24
5 1 33 24 33 24 24 24 24 24
8 1 24 24 28 2 33 33 33 24
11 33 24 24 33 24 24 2 33 24
12 24 24 33 24 28 24 24 7 1
20 33 4 1 28 33 24 2 33 28
3 24 24 2 33 13 1 24 24 24
26 24 24 24 2 33 24 2 33 24
23 33 28 28 24 2 33 7 1 28
19 1 24 7 1 24 7 1 24 24
28 24 10 1 24 28 24 24 1 2
32 1 2 28 2 33 24 33 19 1
23 2 33 24 8 1 24 2 33 2
12 24 2 33 2 33 24 24 2 33
30 24 33 22 33 24 24 28 19 1
24 2 33 33 28 28 24 33 24 24
8 1 2 33 33 24 2 33 2 2
9 1 24 24 24 24 24 4 1 28
0 13 16 1 33 33 28 24 28 24
18 33 7 1 2 33 24 24 24 10
7 16 1 24 24 24 33 28 2 33
27 24 33 33 28 24 24 24 24 33
27 24 28 2 33 24 5 1 2 33
19 1 5 1 24 24 24 24 33 7
18 33 33 2 33 28 2 33 24 24
2 2 33 24 16 1 2 33 4 10
29 24 28 24 24 24 28 24 24 33
15 28 24 2 33 24 24 24 24 28
32 1 2 33 24 24 2 33 26 24
6 1 24 24 24 28 24 24 24 28
30 24 13 1 24 28 13 1 24 24
29 24 24 24 7 1 24 2 33 7
3 1 24 24 33 24 2 33 24 2
5 1 24 24 28 24 24 2 33 24
3 2 33 24 28 33 24 2 33 24
7 28 24 28 24 24 33 2 33 33
6 1 33 24 24 24 24 24 24 24
33 2 33 33 24 33 24 24 24 24
33 24 24 24 2 33 33 2 33 24
15 1 13 1 13 1 24 24 24 7
1 24 24 28 24 2 33 28 28 33
2 24 2 33 24 33 24 2 33 24
2 33 2 33 2 33 24 24 33 24
5 1 24 24 24 2 33 33 24 24
29 24 13 1 33 24 2 33 24 28
9 1 7 1 33 33 24 28 1 33
2 33 33 24 28 24 1 24 24 24
24 2 24 2 33 2 33 7 1 24
6 1 24 33 1 28 24 2 33 24
10 1 2 33 24 13 1 24 16 28
13 1 24 2 2 33 7 1 24 2
24 24 24 24 24 24 25 24 33 28
11 33 7 16 1 2 33 24 33 2
9 1 24 33 28 33 33 2 33 24
23 24 24 24 24 24 24 24 24 24
0 24 24 24 24 24 24 2 33 28
7 1 2 33 2 33 24 2 33 2
30 33 24 24 24 28 28 2 33 11
17 1 28 28 28 24 24 24 33 28
14 24 24 28 26 24 28 19 1 28
4 1 24 24 24 24 2 33 2 33
7 1 24 24 33 24 24 7 1 24
22 33 24 24 22 33 7 1 2 33
24 2 33 24 24 24 28 13 1 7
33 24 24 28 33 33 2 33 2 33
21 1 24 24 24 24 28 28 28 24
19 1 24 24 33 24 1 2 33 24
15 1 24 24 24 24 24 28 19 1
8 5 1 7 1 24 24 24 2 33
24 2 33 24 1 33 28 2 33 24
19 1 24 19 1 2 33 0 24 28
33 24 24 24 24 33 24 33 33 24
3 24 24 24 33 24 24 24 24 13
32 1 24 1 24 2 33 24 24 24
1 24 24 24 24 24 24 33 33 1
32 1 28 24 24 33 33 24 24 24
17 1 24 1 24 22 33 30 24 1
9 1 24 7 1 24 24 33 7 1
24 24 33 33 2 24 24 24 33 33
31 24 13 16 16 1 24 33 24 28
33 33 2 33 28 2 33 24 33 22
28 24 24 24 24 24 24 2 33 24
12 33 2 33 24 33 24 24 2 33
5 1 33 33 24 24 10 1 24 21
0 12 24 2 33 24 2 33 2 33
24 24 24 2 33 24 24 24 1 24
20 33 2 33 2 33 24 24 13 1
0 33 24 5 1 24 24 20 33 24
22 28 24 24 24 24 24 24 24 33
16 1 24 24 24 2 33 7 1 2
27 28 24 24 24 22 24 28 24 24
22 33 24 2 33 24 28 24 24 24
2 33 24 2 33 24 2 33 24 24
3 28 24 33 33 24 24 33 24 24
33 28 24 24 2 33 24 24 33 2
11 24 24 24 24 2 33 24 33 24
23 2 33 2 33 2 33 28 24 24
27 13 1 24 2 33 1 24 24 33
30 33 24 24 33 24 2 33 24 33
13 1 24 24 3 2 33 33 24 24
23 24 28 22 33 1 1 24 2 33
11 24 24 24 24 1 24 28 28 2
18 33 3 2 24 24 33 2 33 2
20 33 24 24 24 24 24 28 24 13
29 24 28 5 1 2 33 24 33 24
14 24 2 33 24 24 30 24 24 24
26 33 24 24 24 24 2 24 2 33
14 24 24 24 24 24 2 33 19 2
18 33 2 33 32 1 24 28 7 1
15 1 24 2 33 24 2 33 24 28
11 24 4 1 24 24 2 33 2 33
29 24 33 24 24 33 24 24 13 10
18 33 2 33 2 33 13 1 24 33
22 33 13 1 24 24 24 2 33 7
8 1 28 28 2 33 24 24 24 24
27 24 24 10 1 24 2 33 24 2
24 24 2 33 1 1 2 33 2 33
2 24 2 33 24 2 33 24 7 1
1 33 24 24 24 24 24 2 33 1
18 33 24 7 1 2 33 24 2 33
22 33 33 24 33 4 1 24 18 33
8 5 4 1 28 2 33 28 24 1
32 1 11 24 2 33 33 24 28 1
13 1 24 24 24 7 1 28 24 28
26 33 2 1 24 2 33 33 28 24
17 1 24 24 2 33 2 33 24 28
10 1 28 24 28 33 33 24 24 28
29 24 24 33 24 24 24 33 24 24
12 24 24 24 7 1 2 33 2 33
1 24 2 33 16 1 7 1 33 2
11 24 1 24 24 24 2 33 24 13
2 33 24 2 33 33 33 2 33 24
11 24 24 24 24 33 33 24 28 24
12 24 33 3 2 33 33 24 24 12
7 1 24 24 13 1 24 2 33 7
8 1 24 24 7 2 33 24 2 24
14 24 28 24 28 19 4 1 24 24
25 24 33 24 24 24 33 2 33 28
21 1 24 33 11 24 24 24 24 24
32 1 24 28 1 2 33 24 24 2
3 24 24 24 24 10 1 2 24 33
1 1 24 28 13 1 28 2 33 24
13 1 24 2 33 33 24 24 33 24
14 24 28 2 33 24 2 33 24 24
24 7 1 1 24 24 24 24 4 1
16 1 33 24 24 24 24 24 24 28
3 28 24 2 33 2 33 7 1 24
7 1 30 24 24 28 30 24 2 33
17 1 24 24 2 33 28 0 7 5
10 1 24 24 24 33 24 24 33 24
15 1 28 24 24 24 7 1 7 1
33 2 33 24 1 2 33 24 28 28
23 28 24 24 1 31 33 24 33 24
32 1 10 1 24 24 28 24 24 24
21 1 28 24 24 16 1 24 24 21
26 33 28 28 24 24 1 28 33 13
14 24 33 24 24 2 33 2 33 5
14 33 24 24 24 2 33 24 7 1
18 33 28 24 24 2 33 24 24 24
29 24 24 24 2 33 2 33 24 24
12 24 2 2 33 24 24 24 28 24
9 1 24 24 24 28 33 15 1 19
8 28 2 33 24 2 33 2 33 24
0 24 24 28 2 33 24 7 1 24
12 24 1 33 24 24 28 24 24 24
16 1 24 33 24 24 24 24 2 33
13 1 24 28 28 24 24 24 30 24
8 1 28 24 28 1 24 33 28 2
20 33 24 33 24 24 24 24 3 24
16 1 28 24 24 24 24 24 28 24
12 24 13 1 28 24 24 28 2 33
8 1 33 24 7 1 33 7 1 33
6 1 33 24 24 24 24 4 1 24
7 1 2 33 24 24 1 24 19 1
28 33 33 24 33 24 33 24 24 13
23 33 2 33 13 1 2 33 24 33
20 33 24 10 1 24 24 28 2 33
11 24 2 2 33 24 24 13 1 7
20 24 24 24 2 33 7 1 16 1
26 24 2 33 24 24 2 33 24 24
12 24 7 1 24 2 33 24 7 1
2 24 33 24 2 33 24 24 2 33
4 1 2 33 19 1 24 24 30 24
19 16 1 24 24 24 24 24 24 5
7 16 1 28 24 0 24 7 1 33
15 1 24 0 28 24 24 2 33 24
21 1 33 33 24 24 2 33 28 2
21 1 33 33 24 24 24 28 24 28
3 24 2 33 24 2 33 24 2 33
4 1 24 2 33 28 24 24 2 33
32 1 24 2 33 24 24 24 2 33
23 11 24 28 1 24 3 24 24 24
29 24 24 2 33 2 33 24 24 28
21 1 24 24 33 24 24 7 1 24
27 7 10 1 1 24 1 7 1 33
19 1 24 2 33 24 7 16 10 1
26 24 24 33 33 24 24 2 33 2
28 2 33 1 24 2 33 28 24 24
28 2 24 24 2 33 24 3 24 24
2 24 28 24 24 33 2 33 24 2
2 2 33 2 33 24 7 1 24 5
26 24 24 2 33 24 24 2 33 2
5 1 28 24 24 24 2 33 2 33
6 1 2 33 30 24 24 24 33 24
13 1 24 24 2 33 24 24 28 24
4 1 24 7 1 33 24 1 2 33
20 24 24 24 28 28 24 24 33 33
30 24 24 19 1 24 24 24 33 2
17 1 24 24 24 24 24 33 24 24
30 24 24 16 1 24 24 1 29 24
17 1 4 1 24 24 2 33 24 33
20 33 28 24 24 28 1 24 24 4
17 5 1 1 24 1 28 2 33 24
28 4 1 2 33 28 24 33 33 24
12 24 24 24 33 2 33 28 24 22
1 24 2 33 24 24 13 1 24 24
10 1 7 1 24 24 24 24 33 28
10 1 2 33 24 24 24 24 24 24
7 1 4 4 1 24 24 24 24 33
0 2 33 2 33 24 24 2 33 2
18 1 2 33 2 33 24 8 1 2
12 24 28 24 28 24 24 24 24 22
23 24 33 24 24 24 24 13 1 28
1 24 24 13 1 24 24 24 33 2
21 1 2 33 33 24 24 24 33 2
8 1 24 24 24 24 9 1 24 24
10 10 1 33 2 33 33 24 24 24
23 33 0 24 24 2 33 7 1 24
27 33 1 24 24 24 24 24 24 24
14 33 28 24 24 24 24 33 2 24
11 24 24 24 24 24 8 1 24 28
16 10 1 24 28 24 24 33 24 28
22 33 24 24 24 24 24 18 33 2
17 1 24 24 33 24 24 13 1 24
0 2 33 24 24 33 24 24 24 24
28 24 24 24 4 4 1 24 2 33
3 24 2 33 24 7 1 24 24 28
9 1 24 28 24 24 24 33 24 33
5 1 24 7 1 2 24 24 24 6
20 33 24 24 7 1 24 28 28 24
6 1 24 24 33 11 33 33 24 24
21 1 28 24 24 24 7 1 33 24
32 1 24 7 1 11 24 24 24 24
29 24 33 33 2 33 2 33 24 24
27 1 33 24 24 7 1 2 33 28
4 1 24 28 24 2 33 13 1 24
19 1 24 33 24 2 33 28 2 24
25 24 24 24 33 2 24 28 24 28
31 24 24 2 33 24 24 2 33 24
18 33 2 33 2 24 21 16 1 24
3 24 2 33 24 24 24 13 1 2
30 24 24 2 33 2 33 24 7 1
18 24 2 33 24 28 2 33 2 33
12 33 28 24 28 24 2 33 24 33
8 1 24 24 24 2 33 2 33 24
26 24 28 24 24 19 1 24 24 33
9 1 28 2 33 33 7 1 24 24
13 1 28 24 24 24 24 24 24 28
1 28 28 24 2 33 16 1 24 11
1 28 10 1 13 1 24 33 33 24
24 24 24 24 24 24 2 33 24 28
17 1 28 0 28 2 33 24 13 1
3 4 1 24 24 24 7 1 2 33
21 1 3 4 1 24 24 33 2 33
22 33 2 33 28 24 2 33 24 2
18 24 24 24 33 21 4 1 24 24
13 1 24 24 24 1 24 24 24 24
7 1 24 7 1 33 24 2 24 24
5 1 2 33 24 24 24 28 24 24
2 33 24 28 33 24 24 24 24 0
25 24 24 24 2 24 28 24 2 33
2 33 24 2 33 1 1 24 2 33
28 24 28 24 24 24 33 2 33 2
28 24 28 24 24 33 24 28 24 24
6 1 24 1 24 24 24 24 2 33
3 24 24 28 24 2 24 28 24 24
20 33 9 10 1 2 33 24 33 2
32 1 24 13 1 2 33 28 24 2
11 24 24 24 24 33 33 1 28 24
20 24 24 24 24 24 24 24 24 2
19 1 24 24 2 33 24 24 1 28
15 1 24 33 33 33 24 24 24 0
10 1 7 4 1 13 1 13 1 24
15 1 24 24 24 33 24 24 24 24
33 7 1 2 33 33 33 2 33 1
24 24 28 11 24 28 24 28 24 24
23 24 24 33 28 33 24 24 24 2
28 28 33 12 24 24 7 1 24 24
20 33 24 24 33 24 24 24 24 13
28 24 24 19 10 1 24 24 24 24
15 1 2 33 2 33 13 1 24 24
6 1 2 33 24 2 33 27 28 16
6 1 24 24 7 1 24 28 33 33
28 33 24 24 2 33 33 0 24 24
4 1 24 24 2 33 24 24 1 7
17 1 24 24 8 1 1 33 24 2
12 24 2 33 7 1 2 33 24 24
30 24 24 28 24 13 1 2 33 28
26 24 28 33 24 28 28 2 33 24
32 1 24 24 24 28 33 28 24 24
20 33 28 28 6 1 24 24 24 33
9 1 24 13 1 24 24 24 33 33
29 24 24 24 11 24 2 33 2 33
30 24 24 24 18 33 33 33 24 4
13 1 33 24 24 11 24 24 24 28
11 24 28 24 24 24 24 24 28 24
4 1 24 24 33 24 2 33 1 2
1 24 2 33 1 28 13 1 3 28
23 24 2 33 0 24 28 28 24 33
31 33 24 2 33 33 7 1 24 24
2 33 2 33 24 24 24 24 24 24
12 33 24 24 24 28 28 33 24 2
18 24 1 24 33 28 2 33 33 2
10 28 28 0 24 24 24 2 33 28
4 1 24 24 2 33 33 33 2 33
33 28 2 2 33 2 33 24 24 24
24 1 2 33 24 2 33 24 24 24
22 33 24 24 24 24 24 24 33 24
15 1 24 24 24 2 2 33 1 28
29 24 2 33 25 33 28 24 24 28
24 12 24 33 2 24 24 24 28 30
3 28 24 7 1 2 33 24 19 1
27 24 28 2 33 28 24 24 24 24
17 1 24 24 2 33 24 24 24 24
12 24 24 24 1 2 33 24 33 24
8 28 24 2 33 24 24 24 2 33
27 24 5 1 24 2 33 2 33 24
24 24 2 2 24 7 1 24 24 2
12 24 13 1 2 33 24 24 24 10
13 1 33 24 33 24 24 6 1 24
23 24 24 24 8 1 28 24 2 33
16 1 13 1 1 24 2 33 24 24
31 33 28 7 1 28 24 24 24 24
30 24 2 33 24 1 24 24 33 28
30 24 2 33 24 2 33 24 24 7
21 1 28 24 28 33 13 1 24 24
19 1 1 28 24 33 24 28 24 1
24 28 24 33 24 28 24 24 28 7
15 1 24 24 24 2 33 24 24 24
10 1 24 1 24 28 24 33 7 1
23 28 31 33 2 33 33 24 24 28
21 1 24 1 2 33 24 24 24 24
11 24 24 24 24 13 1 24 24 24
7 16 1 24 24 24 33 2 33 28
13 5 1 24 2 33 24 24 24 24
2 2 33 24 24 24 33 33 2 33
27 24 24 33 13 1 2 33 7 1
3 2 33 33 24 28 24 33 24 24
3 2 33 2 33 2 33 33 24 28
22 33 33 24 24 24 24 24 28 19
4 1 24 24 2 33 5 1 24 24
17 1 24 10 1 28 33 24 24 24
5 1 24 28 2 33 7 1 24 2
32 1 1 24 24 24 4 28 24 24
5 1 24 24 24 2 33 2 33 10
23 24 24 24 22 33 24 24 7 33
17 1 11 24 2 33 24 7 1 33
6 1 24 24 33 24 24 2 33 7
32 1 24 24 33 24 2 2 33 24
8 1 28 28 24 33 24 2 33 24
32 1 2 33 24 24 24 13 1 24
10 1 28 24 33 28 2 24 24 24
6 1 24 24 24 24 7 1 24 24
32 1 24 24 4 2 33 24 7 1
1 24 2 33 4 4 1 24 24 2
16 1 24 24 28 24 28 24 24 24
0 2 3 2 33 33 24 1 4 1
31 24 24 2 33 24 24 24 24 24
23 2 33 2 33 24 24 24 2 33
8 1 2 33 4 1 24 28 2 33
8 1 28 33 24 33 33 28 28 2
32 1 24 2 33 24 24 24 24 33
27 24 24 24 24 24 24 24 24 24
18 33 28 24 2 33 28 24 24 24
14 24 2 24 24 24 24 24 24 24
8 1 24 4 1 24 24 2 33 24
15 1 2 33 2 24 24 24 24 24
6 1 24 24 33 24 24 24 24 2
28 24 24 24 2 2 33 28 24 24
31 24 7 1 2 33 2 33 24 24
8 1 33 24 3 24 24 2 33 24
22 33 3 2 33 24 2 33 24 2
29 24 28 24 2 33 33 24 24 33
28 28 24 19 1 24 33 2 33 19
22 33 24 24 1 1 24 24 1 24
29 24 33 24 24 2 33 4 1 33
15 1 24 2 33 33 33 24 24 3
20 33 24 24 24 2 33 10 1 2
30 24 24 2 33 2 33 1 2 33
22 33 24 24 24 24 1 24 24 28
1 24 33 24 24 28 33 24 2 33
17 1 13 1 7 1 24 22 33 33
33 28 24 24 24 24 24 1 24 24
21 1 26 24 24 24 28 24 19 1
24 2 33 24 24 3 28 33 2 33
19 1 7 1 24 24 24 2 33 24
31 13 32 1 1 24 24 2 33 33
0 33 7 1 33 24 1 24 24 2
15 1 24 2 33 2 33 24 28 7
28 24 24 2 33 33 24 24 24 2
7 1 24 33 24 24 33 2 33 2
21 1 24 24 33 24 24 2 33 7
9 1 24 33 24 24 28 24 24 1
6 1 7 1 24 24 24 33 24 24
4 1 3 24 2 33 28 24 24 19
22 33 24 24 33 24 24 7 1 24
2 33 24 24 2 28 24 24 24 0
5 1 24 2 33 24 2 33 2 33
3 24 33 28 2 33 24 24 2 33
4 1 28 24 24 24 33 24 28 28
12 24 7 4 1 28 24 24 2 33
20 33 24 2 33 24 24 24 24 24
19 1 2 33 33 24 24 24 24 1
12 24 24 2 33 28 28 24 10 1
21 16 1 24 24 33 24 1 24 28
18 33 24 28 2 33 33 24 24 2
27 24 2 33 24 2 33 24 33 2
33 24 24 33 28 24 24 24 2 33
11 24 28 24 33 28 24 13 1 24
3 2 33 1 2 33 28 24 2 33
3 28 28 24 33 24 33 33 28 24
19 1 24 2 33 24 28 24 28 24
0 24 24 2 33 2 33 24 2 33
21 1 24 24 28 24 24 24 33 24
7 1 28 28 24 24 24 24 24 24
20 33 24 24 24 24 28 24 15 1
19 16 1 2 33 24 24 24 24 24
12 33 2 24 1 24 24 24 33 33
18 33 24 24 28 33 4 33 1 33
0 12 33 1 24 33 4 1 24 2
14 24 28 2 24 28 24 28 24 24
9 1 24 24 24 24 24 3 33 24
28 24 33 24 24 28 24 24 24 28
15 1 28 24 24 2 33 24 24 2
21 1 2 24 2 24 24 24 24 24
8 1 4 1 2 33 13 1 24 24
31 24 24 24 24 2 33 24 24 24
12 24 24 24 24 33 28 2 33 24
7 1 24 24 24 2 2 33 24 24
21 1 33 24 33 33 2 33 24 24
21 1 2 33 24 24 28 2 33 24
12 24 28 33 24 24 21 1 2 33
25 24 24 24 28 7 1 24 28 24
32 1 24 24 28 24 24 22 33 28
8 1 24 28 24 24 31 33 24 24
29 24 33 24 28 24 2 33 33 28
13 1 7 1 33 2 33 2 33 24
15 1 28 24 33 2 33 24 24 33
33 2 33 28 24 28 24 33 24 24
1 1 2 33 24 28 24 33 24 24
20 24 33 22 33 4 1 33 24 28
24 1 7 0 24 24 30 24 33 28
1 24 19 1 24 24 24 24 24 2
5 1 33 28 24 24 24 24 24 2
6 1 33 2 33 2 33 24 24 24
8 1 24 24 24 1 24 24 24 24
29 24 7 1 7 1 3 24 2 33
17 1 24 24 33 24 24 24 24 28
32 1 24 4 1 2 33 28 24 24
21 1 24 24 24 24 24 2 33 24
12 24 24 24 24 33 28 24 33 2
13 1 2 33 28 24 24 24 33 24
32 1 4 1 24 24 24 2 33 7
14 24 24 24 28 24 33 28 24 24
2 24 28 24 33 24 24 33 24 33
14 24 24 24 33 24 1 33 24 2
14 24 24 28 24 2 33 24 33 1
22 33 27 33 24 24 24 28 24 24
21 5 1 28 24 24 33 16 1 24
26 24 24 24 24 24 2 24 24 24
25 24 24 33 4 2 33 33 2 33
3 33 13 1 24 24 33 2 33 28
21 1 2 33 24 7 1 24 2 33
0 33 24 24 24 24 24 28 28 24
15 1 33 2 33 24 24 28 24 33
15 1 2 33 2 33 24 24 7 1
18 33 18 33 2 33 2 33 24 24
17 1 24 24 24 7 4 1 24 13
23 24 2 33 7 1 24 24 2 24
15 1 24 33 24 24 24 13 7 1
33 24 2 33 24 24 7 1 2 24
22 33 24 2 33 2 33 24 2 33
8 1 33 24 24 28 28 1 24 24
8 1 24 33 24 2 33 33 4 1
16 1 29 33 24 24 1 21 1 2
10 1 24 33 7 5 1 24 2 33
32 1 33 28 33 24 28 24 2 33
30 24 24 33 33 28 24 24 1 24
33 24 24 24 7 1 24 24 24 24
32 1 2 33 28 24 28 24 24 24
3 2 24 33 7 1 24 24 24 24
19 1 28 24 24 24 24 24 33 7
26 24 28 28 2 24 24 24 2 24
8 10 1 2 33 2 33 13 1 28
20 33 24 1 28 28 33 30 24 24
32 1 2 33 1 24 24 24 33 2
8 1 24 24 24 24 24 6 1 33
1 24 1 24 24 24 24 2 33 24
17 1 7 1 33 24 28 7 1 24
32 1 24 2 33 2 33 33 33 2
4 1 2 33 28 13 10 1 24 2
27 24 2 33 28 24 24 2 33 2
30 24 24 24 24 24 28 24 24 28
2 33 2 24 24 24 33 24 28 2
10 1 0 24 12 24 24 24 28 28
25 24 24 33 24 24 24 28 33 19
33 33 24 24 2 33 7 1 24 28
10 1 33 24 7 1 24 24 28 33
21 1 24 24 24 2 33 24 2 33
22 33 24 24 28 28 24 24 6 1
15 1 24 2 33 2 33 24 24 24
29 24 24 33 24 2 33 24 24 2
0 22 33 24 24 33 24 28 33 33
9 1 2 33 28 7 1 28 2 33
4 1 16 1 24 24 1 24 24 28
25 24 24 28 24 24 4 1 24 24
26 24 2 33 24 33 24 2 33 24
24 33 28 24 1 24 19 5 1 24
23 7 1 24 24 2 33 24 24 0
12 24 28 24 24 24 33 24 24 24
4 1 2 33 24 24 1 28 28 28
29 24 24 2 24 24 24 28 33 2
3 33 24 24 2 33 2 33 24 24
7 4 1 24 24 33 2 33 24 24
21 1 24 24 24 24 24 24 2 33
19 1 24 24 33 24 24 24 24 24
6 1 24 24 28 13 16 1 24 28
12 24 24 1 7 1 24 24 24 28
30 24 24 2 33 24 2 33 33 24
6 1 33 28 2 33 24 24 24 2
18 33 1 2 33 28 1 24 7 1
18 24 28 24 1 24 2 33 24 2
23 24 24 28 2 33 33 13 1 33
19 1 22 33 28 2 33 2 24 2
3 33 28 24 24 24 24 24 2 33
11 24 4 1 1 32 1 24 33 24
18 33 24 24 33 24 24 2 33 24
5 1 24 24 21 1 24 33 24 24
4 1 24 24 24 24 33 24 2 33
5 1 24 28 24 24 28 33 2 33
30 25 24 24 33 2 33 33 7 1
15 1 24 1 1 28 28 24 2 33
9 1 24 2 24 2 33 24 2 33
28 24 24 24 22 33 28 33 28 24
30 24 1 33 24 33 28 1 2 24
17 1 24 7 4 1 7 1 24 33
15 1 24 24 24 4 1 9 1 2
12 24 24 24 24 24 24 24 24 24
30 24 24 33 24 24 2 33 24 24
7 4 1 33 2 33 33 24 24 24
2 24 24 2 33 24 24 33 24 24
1 24 33 24 24 28 24 33 10 1
30 24 24 1 33 28 2 33 28 28
24 28 24 21 1 2 33 24 24 2
17 1 24 24 24 24 28 24 33 24
23 28 33 33 2 33 0 2 33 2
30 24 33 1 5 1 28 10 1 2
26 24 2 33 24 24 30 33 2 33
16 1 24 24 28 33 24 24 7 1
5 1 24 24 2 33 2 33 2 33
17 1 24 28 24 24 28 28 28 24
0 2 33 24 2 24 24 24 7 1
4 1 24 24 24 24 19 4 1 24
19 1 24 2 2 33 1 28 33 24
0 28 24 2 33 33 0 24 33 24
15 1 24 24 24 24 24 24 24 2
21 1 24 28 28 24 24 33 24 24
27 33 24 24 1 2 33 33 2 33
10 1 13 1 21 1 24 24 2 33
21 1 24 28 24 24 24 28 2 24
33 33 33 33 2 33 24 2 33 21
14 24 13 1 24 28 1 28 24 24
6 1 33 28 28 24 24 33 24 28
22 33 24 7 1 24 33 24 13 1
30 24 24 33 24 24 24 24 24 33
11 24 24 24 33 24 2 33 24 24
23 28 8 1 2 24 24 24 33 24
9 1 28 28 2 33 33 24 24 2
2 33 24 7 1 24 24 33 24 28
8 1 1 24 24 2 24 7 1 24
0 24 33 24 28 24 24 33 24 13
1 28 24 2 33 24 24 33 7 1
9 1 33 2 33 2 33 28 33 33
2 33 2 33 24 24 13 1 24 2
28 1 24 24 2 24 24 33 10 1
18 33 33 24 2 24 24 24 24 24
5 1 28 24 24 24 2 33 24 33
29 24 2 33 24 33 24 24 28 24
29 24 24 2 24 24 24 24 24 24
21 1 24 28 28 2 33 1 24 2
16 1 2 33 24 28 24 24 24 24
20 2 33 33 24 1 24 28 24 24
22 33 24 24 24 24 28 2 33 24
2 33 2 33 24 24 24 33 24 24
3 24 28 2 24 2 33 33 24 28
20 33 33 1 1 28 24 33 24 28
27 24 2 33 2 33 2 33 33 24
10 1 24 24 24 24 33 24 33 24
29 24 0 24 2 24 24 2 33 1
9 1 24 24 24 2 33 24 24 1
22 24 2 33 28 7 1 24 24 2
16 1 33 7 1 2 33 2 33 4
0 24 24 24 24 33 28 2 33 2
2 33 24 24 24 28 33 7 1 33
27 24 33 24 24 24 24 1 33 24
18 33 28 13 33 24 24 24 7 1
26 24 24 24 24 24 33 24 28 28
24 24 24 24 24 2 33 2 33 24
23 19 1 33 24 2 24 13 1 24
12 24 13 1 24 27 33 2 33 24
22 33 24 28 2 24 33 24 2 33
5 1 33 33 24 24 33 2 33 24
15 1 24 24 24 24 13 1 2 33
3 6 5 1 24 33 19 1 28 24
30 24 24 33 24 24 33 7 1 28
25 24 2 24 24 24 2 24 28 24
27 2 2 33 33 33 24 2 33 2
10 1 2 33 24 24 24 2 33 24
23 33 2 33 24 24 24 7 1 24
4 1 24 24 24 24 24 28 24 24
32 1 19 1 2 33 24 2 33 33
11 24 24 1 2 33 2 33 24 28
19 1 33 24 24 24 28 24 24 5
11 24 24 7 1 24 24 2 33 2
3 28 33 24 1 28 21 1 28 24
26 24 24 28 24 24 2 33 24 24
0 33 2 33 2 2 33 3 33 24
29 24 7 1 33 28 24 2 33 7
18 33 24 24 24 2 33 33 33 0
23 24 1 28 24 24 33 24 2 33
20 13 28 7 1 33 3 28 24 24
16 1 2 33 28 2 33 19 1 24
1 24 33 24 2 2 33 2 33 24
11 24 24 24 24 24 11 24 13 1
23 4 1 28 33 24 1 24 24 22
16 1 24 24 24 2 33 24 2 33
0 28 24 0 7 1 2 33 28 24
22 24 2 24 33 24 24 24 24 28
25 24 11 24 24 2 33 2 33 28
17 1 24 2 33 24 24 24 33 24
13 1 4 1 24 33 24 2 33 28
11 24 33 2 33 2 33 24 24 2
16 28 0 2 33 5 1 28 33 7
23 24 28 24 24 2 33 24 33 24
29 24 24 2 33 24 24 24 28 24
9 1 24 24 33 24 24 24 24 19
29 24 7 16 1 2 24 24 24 24
4 1 24 28 24 24 24 24 24 24
22 24 24 33 24 13 1 28 24 24
8 28 5 1 2 33 24 2 33 28
10 1 2 33 24 24 24 33 1 24
18 24 24 33 24 2 33 33 5 1
19 1 2 33 33 24 9 1 24 2
4 1 24 33 24 24 24 7 1 2
12 24 33 24 28 24 24 24 24 24
33 33 24 19 1 13 1 24 33 24
3 24 24 24 2 33 24 2 33 24
11 24 24 3 24 21 1 24 2 33
6 5 1 24 24 24 2 33 24 24
30 24 24 13 1 24 33 33 24 24
4 1 24 2 24 33 33 33 24 24
5 1 33 33 2 24 24 2 33 28
24 33 26 33 2 33 24 28 2 24
4 1 24 2 33 2 33 24 28 2
26 24 33 24 24 24 28 24 7 1
20 24 1 2 33 28 24 2 33 24
20 33 24 3 2 33 33 24 24 24
11 24 33 2 33 24 24 24 24 2
32 1 24 1 33 24 28 33 24 2
18 33 24 24 7 1 33 1 24 24
13 1 22 2 33 24 24 1 13 1
5 1 24 33 33 24 7 1 2 33
26 24 13 1 24 33 28 13 1 24
0 24 24 24 33 2 24 24 33 1
21 1 28 24 24 24 28 33 3 24
8 16 1 24 24 33 24 2 33 24
2 33 4 1 33 24 2 33 24 24
5 1 28 24 33 2 33 28 24 28
2 33 2 33 33 24 1 2 33 2
32 1 28 24 24 24 33 24 28 24
4 1 2 33 24 7 1 2 24 24
19 1 7 1 1 28 2 33 1 24
25 24 24 2 33 33 24 3 28 24
18 33 2 33 2 33 24 33 24 24
32 1 33 24 2 33 24 24 33 24
33 21 1 2 33 24 28 33 2 33
10 16 1 24 28 24 2 24 28 2
1 28 24 2 33 2 33 28 2 33
5 1 7 1 24 28 24 33 24 2
10 16 16 1 24 24 7 1 24 28
32 1 3 24 24 28 28 33 28 24
15 1 2 33 24 2 33 24 24 28
13 1 24 30 24 24 24 28 24 2
17 28 28 24 2 33 24 24 2 33
28 24 24 3 24 28 33 24 11 24
5 1 33 33 24 24 24 33 24 2
9 1 24 32 1 24 24 2 33 33
11 24 24 24 33 33 24 13 1 28
6 16 1 28 2 33 28 4 1 0
12 24 24 24 33 28 24 24 24 28
8 1 24 24 24 24 24 28 4 1
6 28 24 24 24 24 28 33 24 24
8 1 24 10 1 24 13 1 2 33
32 1 2 33 24 24 2 33 24 7
5 1 2 33 24 2 33 24 24 24
24 24 24 2 33 24 24 33 24 24
24 24 24 24 28 28 24 24 24 2
20 33 24 8 1 24 24 24 24 33
30 33 24 24 24 2 33 24 33 2
21 1 2 33 7 1 24 24 24 1
0 24 33 33 27 2 24 2 33 28
15 1 24 24 2 33 33 28 24 2
27 24 28 24 21 1 24 24 24 24
4 1 0 24 33 24 28 24 3 1
21 1 0 24 24 24 24 1 24 2
9 1 24 3 24 5 28 24 24 24
19 1 2 33 7 1 24 2 24 24
21 1 24 24 24 24 24 28 33 24
11 24 1 2 33 33 24 1 24 33
14 24 2 33 4 1 33 28 33 24
19 2 2 33 2 33 2 33 24 5
30 24 11 24 24 24 24 33 13 1
26 24 33 24 28 33 33 24 24 24
0 24 2 2 33 24 4 1 33 24
17 1 8 1 24 24 24 16 1 24
7 1 24 28 33 28 24 24 24 24
23 2 33 28 24 7 1 24 2 33
17 1 24 33 24 2 33 24 24 33
26 24 24 24 24 3 33 33 24 16
26 24 24 24 33 24 24 33 24 24
7 1 24 24 24 24 7 1 24 24
7 1 24 2 24 24 24 2 33 24
19 1 13 1 2 33 2 33 24 24
31 33 5 1 24 24 3 24 2 24
19 1 28 24 24 24 7 1 4 1
32 1 11 24 33 33 22 33 28 2
22 33 2 33 24 2 33 28 28 7
27 24 2 33 33 2 33 24 2 33
25 24 24 2 33 2 33 16 1 24
4 1 24 24 24 24 24 24 19 4
30 24 24 33 33 24 24 28 1 33
17 1 24 28 24 24 24 28 28 24
17 1 24 2 24 24 24 33 0 24
13 1 24 2 33 24 24 1 2 33
24 24 24 33 24 24 2 33 28 24
4 1 33 24 24 28 2 33 24 24
9 10 1 24 33 24 24 2 33 1
3 33 24 24 24 24 24 28 24 33
29 24 24 24 24 7 1 7 2 33
13 1 13 1 33 24 28 24 2 33
31 24 28 5 1 33 28 24 33 24
12 24 24 16 16 1 24 2 24 33
1 2 33 24 28 24 24 7 1 24
16 1 13 1 28 24 28 24 22 24
19 1 26 24 1 24 24 24 19 1
19 1 7 1 24 24 33 24 33 24
0 2 33 28 13 1 13 1 24 1
29 24 24 24 2 33 28 24 24 2
31 33 28 2 33 24 33 24 24 24
27 24 24 24 28 24 7 1 24 24
5 28 24 28 24 33 7 1 24 2
33 24 33 24 24 28 24 2 33 24
15 1 21 1 22 33 22 33 24 24
17 1 24 24 33 2 33 2 24 24
31 24 3 2 33 24 2 33 24 2
24 24 7 1 24 2 24 24 33 28
8 1 24 24 24 28 28 2 33 21
1 24 24 2 33 24 4 1 33 2
8 1 24 24 33 24 2 33 0 33
29 24 24 24 33 24 24 19 1 24
2 24 24 24 2 33 2 33 24 24
18 24 24 4 1 28 24 28 24 24
8 1 24 24 24 24 24 4 1 33
20 33 24 2 24 24 24 24 24 33
10 1 28 24 0 28 33 24 33 2
7 1 24 13 1 28 24 24 3 24
21 1 24 28 28 2 33 28 24 24
17 33 24 2 33 24 1 24 1 24
12 24 2 33 28 24 24 24 33 2
30 24 33 2 33 24 2 33 24 24
6 1 28 28 2 33 24 24 24 24
5 1 24 24 21 1 24 24 33 24
15 1 2 33 28 5 1 33 24 24
28 0 24 24 24 24 13 1 28 28
28 33 24 1 24 24 24 2 33 22
4 1 10 1 24 24 24 24 24 24
12 33 28 24 24 28 24 24 24 33
21 1 24 1 24 2 33 24 24 24
23 24 24 33 2 33 2 33 24 19
5 1 24 28 24 24 24 2 33 2
9 1 33 24 2 33 24 33 24 28
17 2 33 1 1 33 2 33 24 28
11 24 33 28 2 33 24 24 2 2
15 1 24 24 7 1 24 2 33 24
21 1 2 33 24 24 24 33 19 1
16 1 28 24 24 33 33 24 24 24
3 24 28 33 24 24 24 24 24 24
30 24 2 33 2 33 28 13 1 33
10 1 33 24 2 33 2 33 19 7
22 33 33 33 24 24 28 24 33 33
28 24 24 24 24 2 24 28 2 33
16 1 24 24 24 24 24 24 33 33
14 24 28 33 24 24 24 24 2 33
21 1 24 33 24 24 33 28 13 1
12 24 2 33 28 24 2 33 24 24
32 1 24 33 24 28 28 24 24 24
29 24 2 33 24 30 24 24 24 24
12 24 24 2 33 33 28 24 24 28
9 1 19 1 2 33 28 24 2 33
7 1 24 2 33 2 33 24 24 13
30 24 24 2 33 1 24 24 24 4
12 24 1 24 24 33 1 28 33 24
19 1 7 1 24 1 2 33 1 24
26 24 24 21 1 24 28 13 1 24
13 1 24 2 33 33 24 7 1 24
26 24 19 2 24 2 33 13 1 1
6 1 2 33 24 13 1 24 3 28
2 24 24 24 21 1 24 2 33 24
2 33 24 24 24 24 2 33 24 24
16 1 24 28 24 24 24 24 24 33
7 1 24 28 2 33 24 1 33 24
2 24 24 24 28 28 24 24 2 33
21 1 24 24 33 24 2 2 33 2
12 33 24 24 16 1 24 24 28 24
25 24 1 24 7 1 24 28 24 24
11 33 24 24 24 33 33 24 33 28
27 28 2 24 2 33 2 33 2 33
19 1 28 24 28 28 2 33 4 1
27 24 24 24 22 33 24 2 33 33
12 24 24 24 2 24 33 24 2 33
6 1 28 24 21 1 24 24 24 28
32 1 24 24 24 24 28 24 2 33
18 24 24 33 24 24 24 24 24 33
24 24 2 33 7 1 24 2 33 24
8 1 24 24 24 24 24 2 33 24
6 1 24 24 24 24 2 33 33 2
13 1 2 33 2 33 24 2 33 33
10 28 24 7 1 24 10 1 33 13
23 2 33 24 24 24 24 24 24 24
10 1 24 24 33 24 24 24 33 2
6 1 24 21 10 1 24 24 28 24
7 1 24 24 7 1 28 24 1 33
10 1 1 2 33 28 24 24 24 28
26 24 24 24 24 33 2 24 2 33
5 1 24 24 24 11 33 33 24 24
8 1 24 24 24 33 24 28 2 33
19 1 24 28 24 28 24 28 28 2
7 1 2 33 7 1 10 1 28 24
19 1 24 28 24 2 33 24 2 33
8 1 24 24 28 24 24 24 1 24
22 33 24 24 24 28 24 33 24 13
12 24 2 33 24 33 24 33 24 28
31 33 2 33 7 1 21 1 24 33
28 28 2 33 24 24 24 28 33 28
2 33 7 1 33 28 28 33 1 28
9 1 24 33 33 22 33 24 28 24
26 24 2 33 24 24 28 24 33 24
15 1 24 24 2 33 24 24 33 24
18 33 24 7 1 24 24 24 2 33
25 24 24 24 33 24 33 24 24 24
9 1 24 21 1 13 1 24 13 1
25 24 2 33 24 33 24 24 2 33
32 1 24 28 24 33 24 24 7 5
25 24 33 24 24 2 33 28 33 22
33 24 24 24 33 2 33 24 28 33
4 1 28 24 24 28 6 1 24 24
6 1 7 1 2 24 24 7 16 1
32 1 2 33 24 24 24 33 2 33
22 33 24 24 24 2 33 33 24 24
30 24 2 33 24 24 28 24 24 24
16 1 2 33 1 24 24 24 28 24
8 1 24 24 28 2 24 33 33 24
6 1 24 24 24 24 32 1 24 24
23 28 24 24 24 30 24 2 33 2
6 1 24 2 33 24 24 24 24 24
26 24 24 24 24 24 2 33 24 8
14 24 33 24 7 1 24 24 24 24
27 24 24 24 2 33 24 24 0 33
21 1 24 24 2 24 28 24 24 2
12 24 24 2 33 24 33 28 24 24
20 33 24 24 2 33 24 28 24 2
23 24 24 24 2 33 24 24 30 33
1 24 24 28 33 28 5 1 24 24
18 24 2 33 33 1 24 28 33 24
5 1 24 13 1 5 1 2 33 24
13 1 2 33 24 33 33 24 33 24
14 24 24 33 24 24 2 33 4 1
29 24 24 24 24 1 24 24 24 24
3 1 7 1 24 2 33 24 24 33
5 1 24 24 33 2 33 24 33 24
7 1 24 24 28 2 33 24 28 24
29 24 24 24 24 24 33 28 24 24
26 24 24 24 2 33 11 24 1 33
6 1 24 24 33 33 33 7 1 24
16 1 24 24 2 33 28 24 24 28
30 24 33 24 24 11 24 24 2 33
3 7 4 1 24 28 24 28 24 24
27 2 33 33 2 33 0 24 13 1
15 1 33 22 33 24 24 24 2 33
0 24 24 24 24 24 9 1 33 24
10 1 33 24 24 33 24 33 24 28
28 24 1 24 24 33 2 24 24 11
13 1 7 1 24 2 33 2 33 24
17 1 24 28 24 24 2 33 28 24
21 1 28 2 33 8 1 33 24 24
14 24 24 24 33 24 2 33 0 24
29 24 33 24 24 2 33 24 28 2
29 24 28 24 24 2 33 33 24 24
14 24 1 24 7 2 33 24 24 33
0 24 33 24 24 24 1 24 24 28
19 1 33 28 33 24 24 33 24 24
24 1 2 33 24 4 1 28 24 24
5 1 2 33 33 24 1 24 28 24
26 33 2 33 24 24 2 33 24 28
19 1 1 2 33 2 33 2 33 7
23 24 28 24 24 24 24 33 33 2
18 24 2 33 24 1 24 24 2 2
2 33 24 24 28 24 24 24 2 33
8 1 24 33 24 33 24 28 33 24
14 24 24 24 2 33 24 7 1 24
7 1 24 2 33 24 24 28 24 33
18 33 2 33 24 24 16 1 2 33
11 24 2 33 24 24 24 2 33 24
9 1 24 33 28 2 33 2 33 2
26 24 0 2 33 28 24 28 24 33
4 1 33 24 24 2 33 24 24 24
23 28 24 2 24 24 24 1 2 33
23 2 33 24 28 24 2 33 2 33
26 24 1 24 24 28 2 33 24 28
24 28 24 24 24 24 24 24 24 33
25 33 24 2 33 24 24 24 7 1
5 1 28 24 19 1 24 32 28 28
19 1 24 24 24 24 2 33 24 4
0 0 24 24 2 33 2 33 24 30
17 1 1 24 33 33 33 24 2 33
18 33 24 1 24 13 33 28 2 33
1 28 19 1 1 4 1 33 33 24
21 1 28 33 33 28 24 33 4 1
33 28 2 33 24 2 33 24 24 24
30 24 28 24 24 24 2 24 24 33
13 1 24 2 33 24 24 1 24 24
0 28 7 1 2 33 24 28 4 1
31 33 10 1 28 33 24 7 5 1
10 1 2 33 24 3 24 2 33 28
28 24 24 24 2 24 2 33 2 33
8 16 1 24 28 24 24 24 2 33
25 24 28 2 33 24 2 13 1 24
24 1 28 11 24 2 33 2 33 11
13 1 24 16 1 24 24 24 1 24
23 24 7 1 24 24 24 24 2 33
19 1 24 24 24 7 1 24 2 33
3 13 1 24 24 24 24 2 33 24
4 1 24 28 24 16 1 24 2 33
10 1 24 24 24 24 24 2 24 24
27 1 2 33 24 7 16 1 24 24
26 24 7 1 24 3 28 24 33 24
27 24 24 24 24 1 24 28 2 33
9 1 24 2 33 28 28 24 24 2
27 33 2 33 24 2 33 24 28 24
30 24 7 1 28 24 33 28 24 24
0 24 10 1 24 24 24 24 28 24
4 1 28 2 33 1 24 28 24 7
25 24 24 24 24 13 1 24 24 24
18 24 24 24 24 2 33 24 2 33
21 1 28 24 33 33 24 24 24 28
18 33 7 1 2 33 2 33 33 24
8 1 33 33 24 24 24 28 24 24
8 1 7 1 19 1 2 33 24 24
33 2 24 24 24 24 24 24 2 33
11 24 24 33 2 33 24 24 2 33
15 2 33 2 33 2 33 24 28 24
3 24 33 24 1 24 28 24 33 9
23 15 1 24 33 4 1 2 33 28
20 33 24 28 33 24 24 24 24 33
14 24 2 33 24 24 2 33 28 24
10 16 1 24 24 24 2 33 33 1
15 1 33 24 24 33 24 2 33 7
33 2 33 33 2 24 24 24 2 33
24 4 1 2 33 24 24 16 1 24
6 1 8 1 28 2 33 28 4 1
20 24 2 33 24 1 24 24 33 24
27 2 33 33 24 24 33 28 24 2
11 24 24 24 33 2 33 33 33 24
15 1 24 24 10 28 2 33 2 33
15 1 33 2 33 2 24 24 33 1
26 24 24 24 33 24 16 1 24 24
14 24 24 24 2 33 24 1 33 24
23 24 24 24 24 24 24 24 2 33
10 1 33 24 24 24 24 2 33 21
25 24 24 24 28 2 33 1 24 24
2 33 24 2 2 33 2 33 28 24
6 1 24 24 1 24 16 1 24 24
12 24 0 24 2 24 28 33 2 33
17 1 24 33 24 2 33 24 7 1
19 1 24 2 33 13 1 24 13 1
17 1 33 28 24 2 33 24 28 24
5 1 24 33 24 24 24 21 1 24
14 24 24 16 1 24 24 28 24 28
13 1 2 33 7 1 28 24 24 24
23 24 13 1 2 33 24 28 2 33
17 1 24 24 24 24 28 28 24 24
2 33 11 24 24 24 24 24 24 28
29 24 24 24 24 2 33 24 6 1
28 24 28 2 24 28 24 24 33 24
21 1 24 24 28 10 28 24 24 33
28 28 24 2 33 24 33 24 24 28
22 2 33 24 33 24 28 2 33 28
3 11 24 28 24 24 28 24 24 24
20 33 24 24 28 2 33 22 33 24
31 33 24 24 24 24 24 24 2 24
9 1 28 24 33 24 28 33 33 2
23 28 33 24 2 33 24 2 33 2
3 24 24 24 28 7 1 24 24 24
13 1 2 33 2 33 24 24 33 24
20 33 2 24 1 24 24 33 28 28
18 33 33 33 24 24 2 33 24 22
22 33 13 1 2 33 24 24 19 1
7 1 24 7 1 16 1 28 1 33
3 2 33 7 1 24 24 24 7 1
6 1 28 24 2 33 24 33 24 2
27 24 28 33 24 24 24 28 28 24
2 33 33 2 33 33 24 0 24 28
29 33 24 28 24 24 24 2 33 24
13 1 28 24 19 1 24 2 2 33
13 1 24 24 2 33 3 28 24 24
10 16 1 24 33 2 33 28 24 24
20 33 28 2 33 33 24 24 13 1
18 24 2 33 24 33 24 1 24 0
9 1 28 28 24 33 21 1 33 2
30 24 24 33 24 33 13 1 24 21
6 28 1 2 33 24 11 24 24 7
17 1 24 2 33 2 33 33 24 28
13 1 24 24 19 1 6 1 24 28
24 24 24 33 24 24 19 1 24 28
23 24 33 1 2 33 33 24 2 33
0 24 24 2 33 2 33 28 24 33
6 1 24 24 24 2 33 24 2 33
2 33 33 24 13 1 24 28 24 4
3 28 28 24 24 2 33 24 24 24
15 1 2 33 24 24 24 8 1 33
29 24 28 33 28 2 33 24 24 24
13 1 24 7 1 28 33 28 4 1
23 24 24 2 33 24 24 24 24 24
21 13 1 24 2 33 24 28 24 33
7 4 1 24 24 24 24 24 1 24
13 4 1 19 4 1 2 33 24 2
29 24 24 24 28 24 2 33 21 1
18 24 24 24 1 33 24 2 33 28
2 33 24 24 25 24 7 1 24 24
27 1 24 5 1 33 24 24 2 33
26 24 24 24 2 33 24 28 2 33
2 33 33 2 24 24 7 28 24 24
29 24 28 24 24 24 28 24 28 19
17 1 24 24 24 24 24 33 24 24
21 1 24 24 28 24 24 2 33 24
1 24 28 24 24 12 24 24 2 33
24 2 33 24 2 33 2 33 33 7
4 1 2 24 2 33 2 33 1 24
32 1 24 2 33 24 2 33 24 33
33 33 24 19 1 24 13 1 24 24
26 24 33 24 21 1 2 33 24 2
19 1 24 28 2 33 28 33 13 1
25 24 3 7 1 24 2 33 24 24
15 1 24 24 24 33 33 33 24 7
27 24 28 24 2 33 7 6 1 2
11 24 2 33 33 2 24 24 28 33
19 1 2 33 2 33 24 24 1 24
17 1 13 1 28 33 24 2 33 2
32 1 2 33 2 33 24 3 24 2
17 1 24 13 1 24 8 1 1 24
25 24 2 33 28 2 33 2 33 24
16 1 24 2 33 24 24 24 2 33
27 33 24 33 10 1 2 33 24 15
4 1 24 28 24 10 10 1 19 1
10 1 28 24 24 33 33 24 33 2
7 1 2 33 3 24 33 24 24 33
21 1 24 24 33 28 2 33 24 24
12 33 24 7 1 24 24 15 1 24
27 24 33 30 24 24 24 33 24 24
7 1 24 24 24 24 2 33 2 33
9 1 24 24 28 33 24 24 7 1
9 1 24 24 24 24 24 24 24 10
7 1 1 24 24 24 24 28 24 24
30 33 24 24 28 24 28 24 24 24
16 1 5 1 1 33 2 33 28 22
6 1 33 24 24 24 28 13 1 28
12 33 28 28 30 33 24 0 24 24
17 1 13 33 29 24 24 28 24 2
8 4 1 24 4 1 33 2 33 24
16 1 24 24 2 33 4 1 2 33
25 24 24 24 24 2 33 7 1 33
27 2 33 2 33 24 33 7 1 24
16 1 2 33 24 24 3 2 33 24
27 24 28 33 2 24 24 24 28 19
8 1 33 2 33 19 1 33 7 1
2 33 8 1 24 28 24 2 33 2
8 2 2 33 24 24 33 2 33 24
10 1 24 24 2 33 33 24 33 28
28 24 2 33 24 24 24 2 33 28
31 33 24 2 33 13 1 24 33 24
4 1 24 24 30 33 24 13 2 33
22 24 1 28 24 24 30 24 24 2
21 1 33 24 4 1 24 24 24 28
28 24 28 24 24 2 33 33 28 2
17 1 24 24 24 28 24 33 2 24
16 1 33 2 33 24 2 33 24 24
3 28 2 33 24 1 28 2 33 24
27 33 28 2 33 13 1 2 33 26
6 1 33 24 28 24 4 1 2 24
9 1 2 33 2 33 33 24 24 24
32 1 33 2 33 24 24 24 24 24
19 1 24 28 24 28 24 28 33 5
27 24 33 33 24 24 24 24 24 33
0 28 24 24 24 24 1 24 28 24
0 2 24 2 33 24 33 33 24 28
7 1 24 24 33 2 33 19 1 24
25 33 24 33 24 28 33 2 33 2
6 1 30 24 24 33 24 24 24 24
9 1 24 33 2 33 24 33 24 2
10 1 24 28 28 28 24 33 28 28
13 1 24 13 1 24 24 7 3 24
20 24 2 33 24 33 24 24 24 33
10 1 1 33 24 28 24 2 33 24
14 24 24 24 24 2 33 24 24 9
33 24 24 28 24 24 24 28 28 0
26 24 28 2 33 33 2 24 24 24
33 24 24 19 1 2 33 24 22 33
19 1 24 24 28 24 2 33 4 1
20 33 1 2 33 24 2 33 28 33
33 24 33 28 24 24 24 2 33 33
15 1 33 1 13 1 24 2 33 33
27 2 33 24 33 24 24 24 19 1
33 33 24 28 28 24 33 33 13 1
28 24 24 24 24 24 24 28 33 24
13 1 24 24 24 24 28 24 2 33
7 1 24 2 33 1 2 33 28 24
17 1 2 33 24 24 2 33 24 24
15 1 28 24 33 2 33 24 10 1
0 33 24 33 2 33 24 24 24 24
0 7 1 24 2 24 24 24 24 22
20 24 24 24 24 13 1 24 7 1
30 24 24 1 24 28 24 24 24 1
13 1 1 28 24 2 33 24 7 28
17 1 24 24 24 24 28 7 1 24
18 33 24 1 24 1 24 24 24 24
3 2 24 24 24 2 33 2 33 24
11 24 28 24 2 33 24 24 24 28
4 1 24 2 33 13 2 33 24 1
29 33 28 2 24 24 33 2 33 24
18 33 24 24 24 7 1 2 33 24
24 33 24 33 24 24 24 24 24 24
29 24 13 1 1 24 33 24 24 2
10 1 28 24 24 33 24 2 33 24
14 24 24 24 28 2 33 24 28 28
29 24 24 7 1 13 1 24 24 28
15 1 5 1 24 24 24 24 24 24
8 1 19 1 33 24 28 24 4 1
20 33 33 24 24 2 33 24 24 24
0 24 24 28 2 24 33 30 24 24
17 1 28 24 13 1 33 24 24 24
3 2 33 33 28 24 33 24 24 24
3 2 33 24 24 24 33 24 24 28
19 1 24 24 24 2 33 2 33 2
9 1 24 24 24 28 24 24 33 28
9 1 24 2 33 3 24 24 24 4
24 33 24 2 33 24 24 24 33 10
32 1 28 24 24 2 33 2 33 24
15 1 33 2 33 28 24 33 2 33
30 24 2 33 2 33 28 2 33 24
25 24 33 9 1 24 2 33 24 24
31 33 24 24 28 24 24 24 28 24
26 33 24 28 33 2 33 24 33 1
28 24 24 2 33 28 33 24 24 24
12 24 24 24 24 24 24 24 24 24
25 24 24 28 24 24 24 24 24 24
26 24 24 24 24 17 1 24 0 2
4 1 2 33 28 24 24 2 33 2
19 1 24 7 6 1 1 24 24 2
5 1 2 33 24 24 28 24 28 33
30 24 2 33 24 24 24 24 24 24
18 2 33 24 24 5 33 7 1 2
5 28 24 24 24 33 24 24 33 24
9 1 24 1 24 3 33 28 24 24
19 1 24 24 24 24 19 28 21 33
3 24 2 33 24 22 33 28 28 2
28 2 33 24 24 24 24 2 33 7
20 33 24 2 33 24 24 24 24 28
15 1 24 24 33 24 13 1 24 24
28 24 2 33 2 33 24 24 24 28
33 28 28 9 1 24 24 24 24 1
18 2 33 33 28 24 24 24 33 24
19 1 2 24 24 24 24 33 33 24
8 1 24 24 24 24 24 24 24 24
16 1 2 33 12 24 13 1 24 7
3 2 33 33 24 24 24 33 24 28
8 1 2 33 7 1 2 33 13 1
28 24 24 24 24 24 24 2 33 2
1 24 6 1 24 24 2 24 24 3
23 28 4 1 2 2 33 7 1 33
3 24 2 33 28 24 24 33 2 33
25 24 33 28 7 1 33 24 24 28
8 1 2 33 28 24 11 24 24 24
3 24 2 33 24 2 33 2 33 28
7 1 24 24 24 24 33 28 2 33
33 1 2 33 24 33 24 2 33 22
27 2 33 24 2 2 33 24 24 24
0 28 24 24 24 24 24 28 24 1
32 1 24 22 2 33 24 33 24 28
33 24 2 33 24 24 24 24 1 13
10 1 28 24 28 24 24 24 28 24
28 33 28 24 33 24 13 1 24 4
23 33 28 24 2 33 24 22 33 28
21 1 2 33 2 33 1 24 24 24
9 16 1 24 24 24 2 24 24 24
15 1 24 2 33 2 33 24 24 24
20 33 22 33 33 2 33 24 24 2
16 16 13 1 24 28 24 2 33 7
11 24 2 33 33 28 24 33 28 33
33 33 24 28 2 33 24 24 1 28
18 2 33 22 33 24 2 33 24 24
21 1 28 33 33 24 24 24 24 24
2 24 24 24 24 33 1 2 33 24
17 28 24 24 24 1 24 24 2 33
11 24 24 33 33 24 2 33 2 33
14 24 24 24 2 33 1 24 24 24
24 28 24 2 33 24 28 24 24 24
3 0 2 33 24 24 7 1 24 24
29 24 24 7 16 1 24 24 24 2
22 2 33 24 33 28 24 28 24 24
16 1 24 28 11 24 24 24 28 4
29 24 24 24 6 1 24 28 24 33
17 16 1 24 2 33 2 33 13 1
31 33 2 33 24 24 2 33 2 33
31 24 24 24 24 28 7 1 2 33
29 24 24 24 1 21 1 24 24 28
8 1 24 28 24 1 28 30 24 24
2 33 24 2 33 33 24 33 24 2
