0 17 0 2 0 5 16 6 4 10
0 1 21 0 13 0 5 0 17 1
0 2 28 31 0 4 0 10 0 1
0 31 24 31 33 32 30 1 19 0
0 6 4 0 19 0 12 3 13 2
0 17 0 21 0 6 5 16 5 6
0 5 16 5 0 10 4 0 17 1
0 3 7 2 8 32 29 23 27 24
0 17 0 21 0 31 24 25 24 25
0 7 2 9 33 14 32 22 33 32
0 8 2 13 3 1 2 9 33 27
0 3 2 0 6 16 6 4 6 5
0 2 13 0 1 3 1 3 12 3
0 3 0 2 9 2 28 2 28 31
0 12 0 10 5 6 4 0 4 0
0 1 3 7 0 13 3 13 3 2
0 19 1 13 33 22 33 22 33 32
0 8 32 31 0 21 1 3 1 19
0 13 0 31 33 18 32 33 9 2
0 1 17 0 2 1 7 0 5 16
0 13 33 14 33 8 32 14 33 29
0 21 1 2 32 31 28 2 13 0
0 1 2 28 31 28 31 32 23 27
0 31 32 18 32 8 32 14 33 19
0 17 0 5 10 4 10 0 17 1
0 17 0 31 33 29 26 29 32 30
0 17 0 2 9 2 27 23 29 23
0 8 0 6 5 6 16 5 6 0
0 5 0 12 3 12 3 12 0 4
0 5 10 4 0 13 0 10 0 3
0 5 0 8 32 30 33 13 33 15
0 3 0 31 25 23 33 22 32 15
0 4 0 19 33 29 32 8 32 8
0 1 7 3 13 1 0 5 0 3
0 5 10 4 10 4 0 5 10 0
0 21 1 17 1 17 1 17 1 17
0 3 12 0 4 6 4 0 4 0
0 13 33 14 33 27 23 32 29 23
0 21 0 12 0 19 0 11 0 19
0 19 33 15 32 18 32 8 0 4
0 8 32 14 32 8 32 8 33 18
0 11 0 11 0 31 25 24 25 23
0 31 33 28 33 26 29 23 27 2
0 10 4 6 4 10 5 16 6 5
0 1 30 33 32 2 9 33 19 1
0 12 0 7 0 1 19 1 21 1
0 19 0 6 16 6 16 6 16 6
0 21 1 7 3 0 1 21 0 17
0 1 13 2 7 2 13 2 8 32
0 12 3 7 2 7 1 17 0 7
0 17 1 30 1 21 1 0 8 32
0 8 32 22 32 14 33 13 3 7
0 8 32 15 33 14 32 23 32 15
0 19 0 12 3 7 0 31 0 7
0 13 3 2 3 1 7 2 1 19
0 5 6 5 16 6 5 10 4 6
0 13 3 12 0 6 0 1 2 32
0 10 0 1 2 7 0 3 12 3
0 6 0 13 33 20 33 15 32 29
0 17 0 2 32 18 33 20 32 8
31 24 25 24 27 23 29 23 27 23
31 33 13 3 2 32 22 32 20 32
31 32 8 2 27 24 27 24 27 24
31 24 25 23 27 23 27 2 7 0
31 25 23 25 31 33 18 32 14 33
31 32 22 32 14 32 31 32 2 27
31 33 29 23 33 13 3 2 27 24
31 32 15 33 27 33 23 25 23 32
31 28 31 24 27 2 9 33 30 1
31 24 25 23 27 24 25 31 24 27
31 33 14 33 30 33 23 27 33 14
31 33 30 33 20 33 23 29 23 32
31 24 31 0 4 0 21 0 31 32
31 33 18 32 23 29 26 29 26 29
31 32 18 32 18 32 20 33 32 8
31 0 31 25 24 27 23 29 23 29
31 33 23 29 23 25 31 33 23 32
31 25 23 25 24 31 33 26 29 23
31 25 23 27 2 1 19 0 6 16
31 28 31 0 2 13 33 15 33 28
31 32 31 25 31 0 11 0 8 32
31 33 8 32 33 22 33 19 1 30
31 32 2 13 0 1 21 1 21 0
31 32 23 32 20 33 9 33 20 33
31 28 2 28 2 27 23 27 2 9
31 0 17 1 2 28 2 13 33 20
31 32 29 33 14 33 23 29 26 29
31 24 25 31 25 31 24 27 33 29
31 25 24 27 33 29 32 23 25 23
31 25 23 33 23 25 24 27 33 26
31 24 25 24 31 33 15 33 29 32
31 28 33 22 33 22 32 29 33 32
31 24 31 28 2 0 21 0 4 6
31 0 1 2 28 33 14 33 30 33
31 0 13 1 7 2 28 33 22 32
31 28 33 32 31 25 23 25 24 27
31 24 27 24 25 31 33 27 2 32
31 28 33 15 33 13 0 2 28 2
31 0 1 21 1 30 33 22 32 29
31 28 2 32 33 8 33 9 33 26
31 33 18 33 18 32 31 32 14 32
31 28 2 8 2 8 32 33 28 33
31 25 31 33 9 33 30 32 23 25
31 32 2 0 17 0 1 17 1 17
31 28 31 25 23 32 29 32 14 32
31 0 1 3 2 13 1 2 8 0
31 0 6 5 0 12 3 2 32 2
31 28 31 28 2 9 33 19 0 12
31 33 26 29 26 29 33 8 0 8
31 25 31 28 33 26 29 23 32 8
31 33 14 33 9 33 9 33 31 0
31 0 17 1 2 3 13 2 9 2
31 32 14 33 14 32 8 2 7 3
31 0 13 2 3 13 0 31 33 15
31 24 25 24 27 33 29 26 29 26
31 24 27 33 15 33 23 29 32 22
31 28 2 28 31 33 30 32 15 33
31 32 22 33 15 33 23 33 13 2
31 25 31 28 31 25 24 31 0 2
31 28 31 32 8 32 15 33 15 32
21 0 11 0 12 0 8 2 3 0
21 0 11 0 11 0 21 1 21 1
21 0 10 4 0 10 0 6 16 5
21 1 13 1 30 32 8 2 13 33
21 0 3 0 31 25 31 0 1 30
21 1 13 2 9 33 31 25 23 27
21 1 7 2 7 2 9 33 27 23
21 1 3 2 7 0 11 0 8 0
21 0 10 4 10 4 10 5 10 0
21 1 19 1 2 8 0 13 0 6
21 1 13 2 3 0 6 0 21 0
21 1 13 0 2 8 33 20 33 27
21 1 7 0 3 0 12 0 2 28
21 1 13 2 8 0 5 0 10 0
21 1 17 0 11 0 12 3 12 3
21 0 11 0 21 0 2 27 24 25
21 0 19 1 30 33 27 24 31 0
21 0 1 30 1 7 2 8 2 28
21 1 2 3 2 13 0 8 2 7
21 1 7 3 0 2 27 33 28 2
21 1 21 1 7 2 32 8 33 20
21 1 3 2 7 1 30 32 23 27
21 0 8 0 2 8 32 29 23 32
21 1 2 7 0 10 5 10 0 19
21 0 8 33 15 32 18 33 32 8
21 1 3 1 0 3 0 6 5 0
21 0 4 10 4 6 0 31 28 2
21 0 12 0 19 0 17 1 3 7
21 0 5 0 3 7 2 27 2 8
21 1 0 7 2 3 1 17 1 19
21 1 13 2 7 3 12 3 0 31
21 1 3 1 0 10 0 12 0 5
21 1 13 33 27 24 31 28 31 33
21 0 4 10 5 6 0 5 6 5
21 1 19 1 0 1 3 12 3 12
21 1 0 11 0 7 3 1 17 0
21 0 4 10 4 6 4 0 13 0
21 0 17 1 17 1 13 0 31 28
21 0 19 33 27 2 9 2 0 4
21 1 17 0 31 0 31 24 25 31
21 0 11 0 11 0 8 0 4 10
21 0 2 9 33 26 29 26 33 14
21 1 3 12 3 13 2 9 33 15
21 0 1 30 32 30 33 32 23 33
21 1 3 2 28 2 1 21 0 11
21 1 30 32 2 13 0 4 0 3
21 1 19 1 21 1 0 5 16 6
21 0 31 25 24 25 31 25 31 33
21 1 21 1 19 33 28 33 32 22
21 0 17 0 17 1 21 0 19 1
21 0 7 0 21 0 7 2 0 1
21 1 2 32 22 32 30 33 30 32
21 0 12 0 13 2 7 2 0 31
21 0 2 8 32 18 33 15 33 28
21 1 13 1 13 3 1 0 19 33
21 0 8 32 14 32 22 33 15 33
21 1 7 2 27 33 20 33 23 29
21 1 3 12 3 2 8 2 27 2
21 1 17 1 7 0 3 1 7 2
21 0 21 1 0 21 1 13 1 21
19 33 9 2 8 0 4 10 0 8
19 0 31 33 23 32 29 32 2 7
19 33 31 33 20 33 31 28 2 9
19 0 12 3 13 2 3 7 3 13
19 1 21 0 17 1 13 33 23 29
19 1 30 1 7 3 0 1 19 1
19 0 1 13 2 8 2 3 7 3
19 33 31 33 32 2 1 30 33 29
19 0 13 0 10 4 10 0 17 0
19 0 4 0 17 1 2 1 2 8
19 0 2 9 33 9 2 28 2 8
19 33 20 33 32 15 32 20 32 8
19 1 2 28 33 14 32 15 32 20
19 1 7 1 13 0 7 0 5 6
19 1 17 1 21 1 0 3 13 3
19 0 3 7 3 12 3 12 3 12
19 33 32 30 33 32 8 32 23 27
19 0 6 0 7 3 13 0 8 33
19 1 17 1 30 33 27 33 14 33
19 1 13 2 13 0 1 7 2 13
19 33 29 33 15 32 20 33 14 33
19 0 3 1 3 13 2 28 33 31
19 33 27 2 13 1 3 0 11 0
19 33 8 33 8 33 18 32 20 33
19 0 12 3 1 3 13 2 8 33
19 33 22 33 32 22 32 2 1 21
19 33 8 32 20 33 30 1 13 33
19 33 32 20 33 18 33 9 33 23
19 0 7 2 8 33 13 2 13 0
19 33 32 18 33 14 33 18 32 20
19 33 9 33 9 2 7 2 28 2
19 33 13 0 4 0 10 4 0 13
19 0 21 1 0 31 24 25 31 24
19 33 18 32 29 23 27 33 19 0
19 1 21 1 2 1 7 3 12 0
19 0 31 32 14 32 8 32 31 28
19 1 3 13 33 8 0 4 0 7
19 1 7 1 30 33 8 0 31 33
19 1 7 2 13 0 17 1 2 9
19 33 31 32 14 33 14 32 22 32
19 0 6 4 6 5 0 13 2 32
19 0 6 4 0 6 5 0 31 28
19 0 21 1 19 0 2 27 2 1
19 0 3 2 0 19 1 21 0 13
19 0 19 0 13 33 32 31 33 30
19 0 4 6 5 0 5 6 16 6
19 1 3 2 0 7 1 2 3 1
19 33 15 32 33 9 33 14 33 31
19 33 29 23 25 31 28 2 3 12
19 1 13 0 1 19 1 7 1 21
19 1 7 1 30 32 22 33 13 2
19 33 27 23 25 31 33 29 33 28
19 1 19 0 17 0 17 0 5 0
19 0 4 6 5 16 6 16 6 0
19 0 3 12 3 1 7 2 0 13
19 1 19 1 17 1 7 0 12 0
19 0 10 0 13 2 1 7 0 6
19 33 30 1 17 0 5 16 6 16
19 0 5 10 4 0 1 3 2 13
19 1 0 12 0 8 32 14 32 15
17 1 17 1 0 19 0 12 0 13
17 0 11 0 2 9 33 20 33 8
17 0 31 24 31 25 24 27 23 33
17 0 17 1 13 0 4 10 5 10
17 1 0 12 0 7 2 27 33 28
17 1 2 13 2 7 2 8 2 28
17 0 31 25 24 31 25 31 24 31
17 1 0 21 1 7 1 0 5 6
17 0 12 3 12 3 7 3 2 13
17 0 19 1 17 1 17 0 1 21
17 0 13 1 0 11 0 13 2 28
17 0 12 0 11 0 17 0 11 0
17 1 2 32 18 33 26 33 15 32
17 0 6 5 6 0 10 5 6 4
17 1 7 2 7 2 0 17 0 3
17 1 21 0 8 32 33 30 33 13
17 1 17 1 7 1 21 1 19 0
17 0 7 2 0 2 9 2 7 3
17 1 13 33 27 24 25 24 25 24
17 0 19 33 9 33 14 33 22 32
17 1 13 3 2 28 33 15 33 22
17 0 4 10 4 0 10 4 0 10
17 0 19 33 29 33 23 32 18 32
17 0 17 1 2 1 17 1 2 1
17 1 17 1 0 8 32 33 23 25
17 0 7 3 0 12 3 13 3 13
17 0 10 5 0 10 4 6 5 16
17 0 8 32 18 32 22 33 26 33
17 0 5 6 4 6 0 5 0 7
17 1 7 0 19 33 31 24 27 33
17 1 21 0 17 1 2 9 2 13
17 1 17 1 13 3 0 21 0 13
17 0 17 1 7 1 17 0 12 3
17 1 0 4 0 19 0 19 1 2
17 0 1 21 1 30 33 18 33 20
17 1 3 12 0 2 8 32 29 23
17 0 1 0 2 1 21 0 19 0
17 0 3 1 21 0 19 33 32 2
17 0 1 21 0 31 32 30 1 19
17 0 10 4 0 11 0 4 0 19
17 0 12 0 17 0 8 32 33 23
17 1 0 5 10 5 10 0 10 4
17 0 3 13 33 15 32 33 19 33
17 1 3 1 19 33 13 2 27 33
17 1 13 0 17 1 19 1 2 28
17 0 21 0 31 32 31 0 21 1
17 1 17 1 17 1 21 1 19 1
17 1 19 1 19 1 13 33 14 32
17 0 13 2 32 2 28 31 28 2
17 1 0 2 0 6 5 0 4 6
17 0 11 0 11 0 10 4 6 0
17 1 21 1 7 3 12 0 12 0
17 1 2 7 1 17 0 11 0 17
17 1 0 12 0 8 0 7 2 3
17 0 31 32 15 33 28 2 9 33
17 1 21 1 30 1 17 1 19 0
17 1 17 0 13 2 28 33 8 2
17 0 4 6 4 6 4 10 5 0
17 0 17 1 7 3 2 8 2 0
17 1 2 0 6 16 5 0 12 0
13 0 17 0 3 12 3 0 31 0
13 33 26 33 30 1 3 2 1 0
13 2 8 33 29 33 27 24 27 24
13 1 2 3 1 13 33 23 32 29
13 3 13 3 7 0 17 1 7 1
13 3 12 3 2 0 31 24 27 23
13 0 11 0 8 2 8 0 31 33
13 33 31 32 8 2 28 2 9 2
13 1 21 0 10 5 6 16 6 0
13 2 28 31 33 26 29 33 26 33
13 3 0 1 19 0 31 24 27 23
13 33 15 32 31 32 30 33 13 3
13 33 19 33 20 33 19 1 19 0
13 0 2 3 0 21 1 19 0 11
13 3 1 19 1 21 0 8 0 4
13 1 3 13 33 19 1 17 0 4
13 0 1 13 33 13 3 1 3 12
13 0 21 0 4 0 2 9 33 31
13 3 13 0 1 17 1 3 7 1
13 0 8 32 31 25 23 27 24 27
13 1 21 1 13 1 19 0 8 33
13 33 26 33 19 1 19 0 4 6
13 3 2 3 1 30 1 30 33 13
13 33 13 33 14 32 20 32 31 24
13 3 7 2 7 2 3 12 3 13
13 2 1 19 0 17 1 2 3 7
13 2 7 0 13 3 13 3 0 7
13 2 7 0 8 0 13 0 19 0
13 33 8 32 22 32 30 32 22 32
13 3 7 1 7 3 1 19 1 21
13 33 15 33 8 0 4 10 5 0
13 33 14 33 14 32 22 33 28 2
13 1 0 3 0 10 5 6 4 0
13 2 7 0 21 0 8 2 32 8
13 1 7 0 12 3 2 0 1 21
13 1 3 13 2 3 1 19 33 22
13 2 32 30 32 22 32 18 32 18
13 0 6 5 6 5 16 5 10 5
13 3 2 1 17 1 13 0 19 33
13 2 8 32 2 3 2 0 17 1
13 2 28 33 20 33 9 2 32 29
13 3 0 5 6 5 10 0 17 1
13 33 29 33 8 32 8 0 4 6
13 2 0 2 27 23 29 23 32 8
13 0 11 0 12 3 13 0 4 6
13 3 0 17 0 1 7 0 17 1
13 1 21 0 10 0 5 10 5 10
13 3 1 0 11 0 3 12 0 1
13 3 0 31 32 15 33 31 0 11
13 33 26 29 26 29 26 29 23 25
13 0 1 13 3 13 0 6 16 6
13 2 8 32 23 25 23 29 33 32
13 2 9 2 0 4 0 13 2 9
13 3 1 19 33 15 33 13 33 19
13 3 13 1 2 28 31 24 27 23
13 1 2 0 13 2 1 30 32 20
13 33 29 33 15 33 18 33 13 0
13 33 23 32 8 0 11 0 5 0
13 2 32 20 32 2 0 21 0 11
13 0 4 6 16 6 16 5 6 16
12 3 13 33 9 2 32 2 1 13
12 0 4 10 5 16 5 16 5 6
12 3 13 3 12 3 7 0 4 0
12 3 1 7 3 12 0 11 0 5
12 0 21 0 19 1 7 2 7 2
12 3 2 8 32 8 32 23 29 23
12 3 2 28 2 9 2 1 13 2
12 0 4 6 5 6 5 16 6 5
12 0 13 0 13 2 0 4 10 5
12 0 8 0 7 0 3 2 0 5
12 0 3 0 2 28 2 9 2 7
12 3 12 3 13 1 3 13 3 0
12 0 13 3 2 0 11 0 7 2
12 3 2 9 2 28 31 32 14 33
12 0 8 32 29 26 29 23 27 33
12 0 7 1 2 3 1 21 0 7
12 3 12 3 7 2 0 7 0 6
12 0 8 2 1 30 1 0 8 2
12 0 17 1 0 5 0 13 1 2
12 0 4 0 13 3 1 17 1 21
12 0 5 16 5 0 2 7 3 12
12 0 11 0 10 5 0 31 33 15
12 3 13 1 17 0 19 33 29 23
12 0 19 0 1 3 7 1 17 1
12 0 31 0 6 16 5 6 16 6
12 0 12 0 31 25 24 27 24 31
12 0 10 0 3 13 3 7 1 7
12 0 31 32 8 32 22 32 2 32
12 3 13 0 6 0 2 7 0 12
12 0 13 1 0 3 13 2 1 0
12 3 2 28 2 8 2 28 33 13
12 0 6 4 10 0 3 2 0 1
12 0 31 33 19 0 19 1 13 2
12 3 0 3 0 1 7 2 1 17
12 3 13 33 9 2 0 17 0 5
12 0 8 32 23 27 33 9 33 31
12 3 7 2 3 2 13 2 13 2
12 3 1 30 1 7 1 30 33 28
12 0 8 32 15 32 2 0 10 5
12 0 5 16 6 5 16 5 0 19
12 0 12 0 13 1 30 32 29 33
12 3 0 12 3 1 2 3 1 2
12 3 13 2 8 2 27 24 25 24
12 0 6 0 2 28 33 29 33 28
12 0 11 0 10 4 10 4 6 16
12 0 1 7 2 3 12 3 2 32
12 3 13 2 0 17 1 0 6 16
12 0 19 0 3 13 33 32 30 33
12 3 7 1 30 32 14 32 31 24
12 0 4 6 5 6 16 6 4 6
12 0 12 0 3 7 0 6 4 10
12 0 31 0 21 0 4 10 4 10
12 0 19 0 21 0 12 0 2 9
12 0 1 30 32 23 33 32 23 27
12 3 13 0 8 32 30 1 13 2
12 3 12 0 5 16 5 0 6 4
12 3 2 28 31 25 24 27 2 3
12 3 7 1 3 13 2 3 2 8
12 3 0 11 0 6 16 5 16 6
12 3 7 3 1 17 1 3 12 3
11 0 12 3 0 17 0 17 1 13
11 0 8 32 18 33 31 33 9 33
11 0 5 6 4 10 4 6 0 8
11 0 8 0 2 8 32 20 33 20
11 0 3 7 0 10 4 10 5 16
11 0 11 0 21 0 4 0 11 0
11 0 5 0 6 4 10 5 0 12
11 0 2 7 3 12 3 1 21 1
11 0 4 10 5 16 5 16 5 6
11 0 2 32 15 33 19 1 17 1
11 0 3 0 3 7 3 7 3 1
11 0 4 6 4 10 4 0 31 28
11 0 5 0 3 0 17 1 7 0
11 0 12 0 31 32 22 33 22 33
11 0 4 0 31 25 24 25 23 29
11 0 11 0 13 33 23 32 14 32
11 0 17 0 11 0 17 1 19 1
11 0 17 0 2 27 24 25 24 27
11 0 7 0 17 0 21 1 17 0
11 0 8 32 31 25 23 32 20 33
11 0 19 33 29 32 15 32 30 33
11 0 11 0 8 32 8 33 30 32
11 0 3 0 19 33 31 0 6 4
11 0 8 2 8 32 23 27 24 27
11 0 17 0 4 6 16 6 4 6
11 0 13 0 1 2 8 32 15 33
11 0 13 3 7 3 2 28 33 27
11 0 11 0 12 3 2 27 33 28
11 0 7 1 13 33 32 8 32 2
11 0 4 0 8 0 8 32 23 32
11 0 31 25 31 24 27 23 29 26
11 0 11 0 8 2 32 20 32 18
11 0 4 0 12 3 2 9 33 15
11 0 6 4 0 7 2 7 2 27
11 0 21 0 7 3 1 3 0 4
11 0 2 7 0 12 0 31 0 4
11 0 10 4 10 5 10 0 8 2
11 0 8 32 30 1 17 0 31 28
11 0 4 0 21 0 8 33 30 1
11 0 1 13 0 13 3 1 0 4
11 0 5 16 5 6 0 10 4 0
11 0 17 1 7 1 17 0 8 32
11 0 17 0 17 0 1 7 2 7
11 0 10 0 17 0 19 0 21 0
11 0 6 16 6 16 5 10 0 8
11 0 31 33 31 0 21 0 8 33
11 0 4 10 0 6 16 5 10 0
11 0 8 32 15 32 23 33 9 2
11 0 8 2 32 15 32 8 32 2
11 0 1 3 0 21 1 17 1 2
11 0 31 0 31 24 31 33 29 26
11 0 21 0 2 9 2 1 21 0
11 0 11 0 4 0 12 3 12 3
11 0 5 10 4 0 5 6 5 0
11 0 2 8 32 2 7 2 13 33
11 0 1 30 1 13 33 31 0 6
11 0 2 28 31 33 19 1 3 1
11 0 17 1 0 21 1 17 0 17
11 0 6 5 10 5 6 0 31 33
11 0 4 6 5 0 6 0 3 1
10 0 19 0 4 0 31 28 2 27
10 0 12 3 13 1 17 1 30 1
10 4 6 0 31 32 29 32 18 33
10 0 19 33 9 2 9 33 8 0
10 4 0 21 1 0 5 10 0 17
10 4 10 4 0 13 1 19 0 4
10 4 6 0 5 10 5 6 5 6
10 0 1 17 0 8 0 6 5 0
10 5 0 31 28 31 28 33 23 29
10 4 6 5 6 16 6 0 12 3
10 0 11 0 3 0 1 3 2 32
10 4 6 5 16 6 0 2 0 21
10 0 4 10 4 10 5 10 4 10
10 0 21 0 6 0 6 0 19 1
10 0 2 27 24 31 25 31 25 24
10 5 0 10 0 11 0 17 0 3
10 4 10 5 16 6 0 6 0 6
10 0 31 24 31 0 12 0 3 12
10 5 16 5 16 5 16 5 0 31
10 5 10 4 10 5 10 0 7 1
10 0 10 5 6 16 5 0 2 0
10 4 10 5 16 5 6 0 6 0
10 4 10 0 1 0 21 0 13 33
10 4 0 1 2 9 33 22 32 8
10 5 16 6 16 6 16 6 5 10
10 4 0 8 32 8 32 23 29 23
10 0 11 0 4 10 0 8 2 1
10 4 10 4 0 11 0 8 0 5
10 5 6 5 16 5 16 6 0 31
10 0 7 2 8 2 27 33 31 25
10 5 16 5 10 0 2 32 23 32
10 5 0 7 1 19 1 21 1 2
10 4 0 17 1 0 7 1 3 12
10 4 6 5 0 13 1 2 13 3
10 4 10 4 0 21 1 17 1 0
10 4 6 16 5 0 12 3 1 2
10 0 21 1 2 7 0 7 1 0
10 5 0 4 0 13 1 13 0 21
10 4 0 13 3 13 0 8 2 1
10 0 5 0 10 0 19 1 19 33
10 4 6 4 0 2 8 0 5 16
10 0 5 6 5 10 0 6 16 5
10 4 0 6 4 6 0 13 33 26
10 5 6 0 5 16 6 4 10 4
10 4 0 10 0 5 0 11 0 17
10 5 6 5 6 4 6 16 6 4
10 5 10 0 11 0 17 1 21 1
10 0 12 3 7 2 8 0 1 7
10 4 10 4 10 0 21 0 19 0
10 0 19 1 17 0 31 25 24 25
10 0 1 7 1 13 33 30 1 13
10 4 10 5 10 0 17 1 3 13
10 5 6 16 5 0 31 28 31 24
10 0 31 33 27 2 1 7 0 7
10 4 10 5 6 4 0 12 3 13
10 4 0 19 1 19 0 12 3 13
10 0 11 0 8 32 20 33 30 32
10 0 6 0 2 28 33 8 32 8
10 4 0 13 2 28 31 32 29 33
10 0 21 0 11 0 8 2 1 7
8 33 15 33 27 33 22 32 18 32
8 32 22 33 29 26 33 9 2 0
8 32 29 33 13 2 28 33 14 32
8 33 30 32 22 32 2 27 33 29
8 32 22 32 31 24 31 32 8 2
8 32 20 32 29 32 22 33 27 23
8 33 9 33 19 33 23 33 28 2
8 0 21 0 1 7 2 9 33 29
8 33 26 33 23 27 24 31 25 31
8 0 12 3 13 0 11 0 21 1
8 32 29 26 29 23 32 22 33 32
8 32 22 32 14 32 20 32 31 28
8 32 20 33 28 31 0 13 33 26
8 32 14 33 13 33 32 22 33 18
8 2 8 32 23 25 24 25 31 0
8 32 8 0 6 5 0 12 3 7
8 33 20 33 15 33 9 2 32 15
8 2 0 6 0 13 1 13 3 0
8 2 28 2 3 1 19 1 3 1
8 0 12 3 0 19 33 28 31 32
8 32 22 32 20 32 15 33 13 33
8 32 15 32 15 33 15 32 8 0
8 0 12 3 13 0 17 1 2 8
8 33 26 29 33 15 33 19 1 13
8 32 23 33 20 32 8 33 31 24
8 0 11 0 2 9 2 1 17 1
8 0 4 0 13 3 1 0 12 0
8 32 33 15 32 31 32 8 2 13
8 2 9 2 8 0 11 0 17 0
8 33 8 32 8 33 26 29 32 33
8 32 14 33 13 0 2 1 3 13
8 32 23 29 33 19 1 19 0 3
8 2 13 3 7 0 12 3 0 13
8 0 8 32 22 32 31 33 28 2
8 2 1 7 2 32 30 33 15 33
8 2 3 0 17 1 13 2 28 33
8 32 23 27 24 25 31 25 31 32
8 33 31 32 8 2 9 2 27 2
8 32 29 23 32 8 2 0 21 1
8 33 22 32 20 32 15 32 20 32
8 32 29 32 23 33 8 32 31 0
8 2 7 2 7 1 30 1 0 2
8 32 14 33 29 26 29 33 27 33
8 32 18 32 22 32 18 32 33 8
8 32 23 33 29 26 29 32 33 23
8 33 31 24 31 25 23 29 23 27
8 33 26 29 33 18 32 20 33 26
8 32 14 32 30 33 19 33 31 0
8 0 12 0 19 33 20 33 15 33
8 32 20 32 14 33 19 1 2 0
8 32 22 32 20 32 20 33 26 29
8 2 3 13 1 2 0 8 32 14
8 32 30 33 27 2 7 1 13 2
8 33 14 33 13 2 32 8 0 2
8 0 2 32 29 23 33 20 32 29
8 2 9 33 8 33 9 2 32 33
8 2 8 2 13 1 2 27 24 31
8 32 30 1 19 0 11 0 31 0
8 33 27 33 28 33 15 32 14 33
8 0 13 2 0 5 0 11 0 5
7 0 4 10 4 10 0 6 5 0
7 2 0 4 6 5 16 5 0 13
7 1 21 0 5 16 5 0 13 2
7 2 8 32 31 25 31 25 31 25
7 0 4 0 4 0 17 0 19 0
7 0 8 32 18 32 18 33 15 33
7 0 5 16 5 0 4 0 8 33
7 0 6 16 6 4 10 4 0 8
7 2 1 17 0 7 3 0 31 24
7 3 7 0 7 3 1 3 12 3
7 0 11 0 1 21 1 2 3 12
7 3 1 2 3 1 0 2 0 19
7 3 1 0 13 33 27 24 27 2
7 3 2 13 0 4 6 5 0 11
7 0 8 33 30 1 17 0 21 0
7 3 1 0 31 0 17 0 5 0
7 0 8 32 15 33 29 23 25 24
7 3 12 0 10 5 10 4 0 13
7 0 11 0 4 0 19 1 30 32
7 3 13 33 27 2 9 2 27 2
7 1 0 12 0 7 3 0 7 2
7 3 0 8 0 4 10 5 16 6
7 0 17 1 19 1 30 33 32 30
7 2 32 15 32 29 33 31 32 29
7 3 12 3 12 3 7 2 8 33
7 0 17 0 5 16 6 16 5 10
7 2 8 0 8 33 32 23 25 24
7 1 7 0 10 4 10 4 6 4
7 2 0 6 16 6 4 0 21 1
7 2 28 33 8 32 18 33 19 1
7 1 3 0 1 0 4 0 19 33
7 2 28 2 0 4 6 5 16 6
7 0 8 32 15 32 15 33 18 32
7 1 13 3 1 17 1 2 8 33
7 1 21 1 0 4 10 5 16 5
7 1 13 1 30 32 15 32 33 18
7 0 31 24 27 33 31 25 31 0
7 2 32 23 32 2 9 33 20 33
7 1 17 0 1 19 1 30 1 17
7 0 17 1 17 1 7 0 11 0
7 0 4 6 4 0 7 1 30 1
7 0 12 3 7 3 13 0 11 0
7 0 17 1 17 0 2 28 33 30
7 0 4 0 21 1 3 2 1 7
7 2 9 33 30 33 19 0 2 8
7 1 21 1 17 0 13 0 3 0
7 1 2 13 2 13 1 7 3 0
7 1 13 2 27 2 8 33 26 33
7 2 13 2 7 1 19 33 26 33
7 0 5 6 5 0 31 28 31 33
7 1 7 0 19 0 7 0 11 0
7 3 2 0 31 0 19 0 5 10
7 0 1 21 1 21 0 12 3 7
7 3 1 3 1 2 28 31 0 31
7 3 7 3 1 2 9 2 9 33
7 2 7 1 2 28 2 27 33 8
7 2 28 2 32 2 32 15 33 8
7 1 30 33 26 29 33 29 32 31
7 1 3 12 0 31 28 33 18 32
7 3 0 5 0 10 4 6 4 10
6 0 17 0 21 0 21 1 0 7
6 4 10 5 16 5 16 5 10 4
6 0 13 33 31 32 30 33 27 33
6 5 16 6 0 12 0 5 10 5
6 16 5 6 4 0 21 1 19 0
6 0 12 0 11 0 5 6 0 7
6 16 5 16 6 16 6 0 17 0
6 16 5 0 3 12 0 12 3 1
6 5 6 5 16 5 10 4 6 0
6 0 13 1 7 2 8 2 7 1
6 5 10 4 10 4 10 5 0 7
6 0 31 0 4 0 17 0 8 0
6 0 17 1 7 1 3 1 7 0
6 4 6 0 5 6 0 11 0 7
6 0 17 0 19 33 8 32 8 0
6 0 3 2 9 2 7 2 8 32
6 0 8 0 11 0 4 0 12 0
6 0 13 1 17 0 5 10 4 6
6 16 5 6 4 0 1 13 33 31
6 4 10 4 10 5 6 5 6 5
6 5 0 1 0 12 0 8 2 8
6 16 6 5 16 6 16 5 6 5
6 4 0 6 5 0 19 1 2 27
6 0 3 13 1 2 28 33 20 33
6 0 6 16 6 4 0 31 33 22
6 4 6 4 10 0 12 0 12 3
6 4 10 4 6 0 2 1 2 28
6 5 0 4 0 3 0 13 2 32
6 4 0 1 19 0 19 0 8 32
6 5 10 5 0 19 1 30 32 23
6 4 0 12 0 12 3 0 31 33
6 0 13 33 23 33 14 32 8 32
6 4 0 19 1 19 0 5 10 0
6 4 10 0 12 0 17 0 13 33
6 0 31 0 7 3 7 0 5 6
6 4 0 12 3 13 2 3 1 30
6 5 6 5 16 5 10 5 0 2
6 0 21 1 0 19 33 13 33 19
6 5 6 5 10 0 21 1 17 0
6 5 16 5 16 6 4 6 4 10
6 0 19 1 19 1 17 0 13 33
6 0 1 3 0 5 0 21 0 17
6 0 17 1 0 31 33 13 3 13
6 16 5 10 4 0 4 10 5 10
6 4 6 5 0 10 5 0 7 0
6 5 16 5 0 3 13 1 21 1
6 5 6 5 10 5 0 10 4 10
6 16 5 0 10 5 16 5 16 6
6 5 0 10 0 31 24 31 0 4
6 0 1 0 19 0 4 6 0 13
6 0 31 24 31 25 31 32 22 33
6 5 0 4 10 5 16 6 16 6
6 5 16 5 6 5 16 5 0 3
6 4 10 5 10 4 10 5 6 16
6 0 2 0 17 1 7 0 1 2
6 5 6 0 17 1 19 1 19 0
6 4 6 4 6 5 10 4 0 11
6 4 6 5 6 4 6 16 5 10
6 4 0 11 0 3 0 19 0 1
6 5 10 4 0 17 1 2 0 11
5 16 5 16 5 16 5 16 5 6
5 0 17 0 31 24 27 23 29 23
5 6 16 5 10 0 19 0 10 4
5 16 6 0 31 28 2 13 0 2
5 10 0 5 10 4 6 4 10 5
5 6 5 16 6 5 6 0 11 0
5 0 13 3 2 1 0 2 7 2
5 10 0 13 0 11 0 3 13 33
5 0 10 4 6 16 6 5 16 5
5 0 6 4 0 10 5 6 4 10
5 6 5 10 5 10 5 0 2 28
5 6 16 6 16 5 16 5 6 16
5 16 6 5 0 8 32 8 33 28
5 0 10 5 16 5 0 13 3 13
5 16 5 0 31 25 23 29 23 25
5 16 5 6 0 3 12 0 10 4
5 10 5 16 6 5 6 0 7 2
5 16 5 16 6 4 10 4 10 5
5 10 0 19 0 1 19 33 19 33
5 16 5 6 5 10 5 0 3 13
5 0 19 33 20 33 30 32 22 32
5 0 1 3 2 8 33 26 33 22
5 10 4 10 5 10 5 6 4 0
5 10 5 0 11 0 17 0 5 16
5 6 0 31 0 11 0 19 0 10
5 10 0 21 0 8 2 3 2 9
5 0 17 0 19 33 29 23 33 19
5 6 4 10 5 16 6 5 6 16
5 10 0 13 2 1 17 0 17 1
5 6 4 0 5 6 0 6 5 10
5 16 6 4 6 5 10 0 2 32
5 0 3 12 0 1 13 33 27 23
5 10 5 16 5 0 5 10 4 10
5 0 21 0 2 13 1 0 8 32
5 0 21 1 21 0 4 0 3 1
5 0 6 5 16 5 0 4 6 16
5 10 5 6 16 6 16 5 6 0
5 6 5 6 0 5 0 10 5 10
5 10 4 10 5 16 5 6 4 6
5 0 3 7 3 2 1 3 0 3
5 10 5 10 0 4 0 2 9 2
5 0 13 3 12 3 7 0 13 2
5 0 8 33 29 32 22 33 13 3
5 6 16 5 6 16 6 5 10 5
5 6 5 16 6 0 13 2 32 22
5 0 3 12 0 1 30 1 17 1
5 16 5 10 5 16 6 16 6 4
5 0 2 9 33 26 33 29 33 30
5 0 6 0 6 0 7 2 27 24
5 10 5 0 31 0 19 33 27 33
5 0 2 27 23 29 32 15 33 13
5 0 10 4 6 4 10 5 10 4
5 0 7 3 7 1 17 0 10 5
5 10 0 19 33 20 32 30 1 0
5 16 6 16 6 4 0 19 33 15
5 10 4 6 16 5 0 11 0 2
5 16 5 10 0 5 16 6 0 11
5 6 4 10 0 12 0 8 32 2
5 10 4 10 5 6 0 17 1 0
5 0 5 0 8 2 9 33 13 3
4 0 4 6 4 10 4 10 5 6
4 10 5 6 4 0 10 5 0 31
4 0 4 0 19 0 11 0 12 3
4 10 0 6 5 0 2 32 29 23
4 10 5 6 5 16 5 10 0 17
4 0 7 3 1 13 33 32 31 25
4 0 17 1 21 0 8 33 29 32
4 6 4 0 4 6 4 6 4 0
4 0 6 16 5 16 6 5 6 5
4 0 7 2 28 2 9 2 27 33
4 0 11 0 1 19 1 17 1 7
4 6 5 16 5 0 1 0 4 10
4 10 5 10 4 0 1 19 1 30
4 6 16 5 0 11 0 5 0 8
4 10 4 10 0 4 6 5 16 6
4 10 5 16 6 16 5 0 19 0
4 0 7 1 21 1 13 0 11 0
4 10 0 4 6 16 5 0 10 4
4 0 13 0 4 6 4 6 5 10
4 0 12 0 7 2 9 2 9 2
4 6 4 10 0 12 0 12 0 31
4 6 5 16 5 6 16 6 16 5
4 10 4 10 4 6 16 5 0 2
4 6 0 7 3 12 0 31 33 27
4 0 3 12 0 4 0 11 0 21
4 6 5 6 5 6 4 0 6 4
4 0 3 12 0 2 7 1 17 1
4 10 4 6 0 6 16 5 6 4
4 10 0 17 0 12 3 12 0 7
4 0 4 10 5 16 5 6 16 5
4 0 11 0 11 0 1 21 1 13
4 0 1 17 0 17 1 30 32 2
4 0 13 0 4 6 4 10 0 10
4 6 0 1 2 1 3 1 13 3
4 10 5 0 8 33 26 33 13 2
4 6 16 5 10 5 10 4 10 0
4 10 4 10 0 19 33 26 33 29
4 6 0 1 7 2 0 6 16 6
4 10 4 0 13 33 22 32 14 33
4 6 4 0 10 0 10 0 10 4
4 6 5 6 4 10 4 10 5 6
4 0 1 17 0 21 0 8 32 8
4 6 0 19 33 22 32 30 32 2
4 6 4 0 13 1 3 13 3 12
4 0 13 3 2 7 3 12 3 0
4 10 4 10 0 5 10 5 16 6
4 6 5 6 5 6 16 5 16 5
4 10 4 10 0 4 0 8 32 8
4 0 7 0 21 1 21 0 19 0
4 6 16 5 0 1 2 3 1 30
4 10 0 3 0 1 7 0 13 33
4 0 13 1 30 33 20 32 18 33
4 6 5 16 6 0 21 1 7 3
4 6 5 6 5 0 7 3 0 21
4 10 0 7 0 17 0 5 10 5
4 6 5 10 5 16 5 10 5 10
4 0 7 0 5 10 0 7 1 21
4 10 5 16 5 10 5 16 5 6
4 0 1 2 3 2 0 19 1 0
4 0 2 32 23 32 8 32 8 32
3 13 33 22 33 20 33 27 23 25
3 13 33 20 32 14 33 32 22 32
3 13 33 30 33 32 22 32 31 0
3 12 0 4 0 5 6 4 0 1
3 1 17 1 7 2 1 13 33 32
3 13 3 1 0 21 0 13 3 12
3 7 3 2 9 2 7 3 2 1
3 7 0 8 32 29 23 29 26 33
3 7 2 0 13 0 3 1 30 33
3 13 33 20 33 8 33 26 29 23
3 13 33 30 33 29 33 32 20 32
3 1 0 5 6 0 10 5 10 0
3 1 19 0 6 0 11 0 19 33
3 12 3 1 3 1 17 0 31 28
3 0 17 0 10 0 31 33 8 0
3 0 8 32 23 25 24 27 33 23
3 2 13 0 21 0 7 1 13 3
3 7 2 13 33 8 32 20 32 15
3 13 33 13 2 0 5 0 3 1
3 12 0 17 0 10 0 7 2 28
3 12 0 10 4 10 5 0 2 7
3 13 2 8 32 18 32 20 33 31
3 13 2 27 33 15 33 9 2 0
3 12 3 13 33 29 32 33 30 1
3 12 3 0 31 24 31 28 2 7
3 0 13 1 13 2 32 14 32 23
3 13 33 29 33 26 33 20 33 26
3 13 33 20 33 9 2 0 11 0
3 0 17 0 6 5 0 6 5 0
3 7 3 0 11 0 4 6 4 0
3 7 3 13 2 32 2 7 1 0
3 7 1 19 0 1 21 0 2 13
3 1 2 7 1 7 3 13 1 17
3 1 17 1 7 0 8 2 3 0
3 7 2 27 24 27 23 27 23 32
3 12 3 2 9 2 32 33 27 23
3 12 0 31 28 31 24 27 2 8
3 0 13 3 1 19 1 17 1 30
3 13 3 0 4 0 8 0 13 3
3 0 3 0 4 6 0 3 0 10
3 0 12 3 13 33 30 32 29 33
3 2 1 3 0 12 0 5 16 5
3 7 3 7 1 0 21 0 19 0
3 7 2 9 33 27 23 32 2 3
3 1 7 3 2 9 33 27 23 27
3 1 0 11 0 31 24 25 24 25
3 12 0 21 1 30 33 14 33 27
3 13 0 19 33 28 2 1 3 0
3 1 17 0 10 0 4 10 4 10
3 0 19 0 12 3 13 33 20 32
3 13 0 6 4 10 0 1 17 0
3 12 0 1 3 2 27 24 31 32
3 7 2 7 2 28 33 13 33 9
3 13 3 13 0 19 1 0 11 0
3 13 3 12 3 0 2 32 15 32
3 13 2 8 2 13 1 21 0 1
3 7 3 2 28 2 1 17 0 4
3 1 21 0 31 24 25 24 31 0
3 2 1 19 0 3 0 12 3 1
3 0 3 2 8 0 7 2 32 14
2 0 19 1 17 0 13 0 11 0
2 0 6 0 17 1 21 1 3 13
2 7 3 13 33 8 32 15 33 28
2 1 0 11 0 31 0 17 1 2
2 1 0 21 1 2 1 13 2 32
2 1 13 1 7 3 13 0 7 1
2 28 31 24 25 24 31 33 8 32
2 7 3 13 1 0 2 32 8 32
2 8 32 30 32 18 33 28 33 32
2 27 23 29 32 31 33 23 33 22
2 1 3 12 0 10 5 6 16 6
2 7 0 6 5 10 4 0 11 0
2 1 7 1 30 1 30 1 0 2
2 3 2 1 2 7 3 12 3 13
2 3 13 3 0 2 3 2 32 30
2 32 2 0 7 0 19 33 26 29
2 8 33 8 33 9 33 8 32 8
2 27 24 31 28 2 7 2 32 8
2 0 1 17 0 1 2 7 0 5
2 9 33 19 33 22 32 33 18 33
2 0 4 6 4 10 5 16 6 0
2 8 32 8 33 9 33 19 33 32
2 0 6 16 6 0 19 1 0 11
2 28 2 27 23 33 23 25 24 25
2 1 19 33 18 33 22 33 19 1
2 32 23 33 20 32 30 33 30 33
2 32 2 3 0 10 5 10 5 10
2 9 2 1 0 13 3 13 3 7
2 8 32 18 32 22 32 23 25 31
2 9 2 13 2 3 0 21 1 7
2 1 0 12 3 13 2 28 2 32
2 3 2 0 4 0 4 10 0 4
2 3 12 0 3 0 17 1 21 1
2 28 2 1 3 12 3 13 3 12
2 0 2 8 33 28 31 0 10 5
2 27 33 14 32 33 22 33 30 33
2 3 0 6 4 0 2 28 33 29
2 0 19 1 19 1 13 33 28 31
2 27 23 29 33 29 33 22 32 29
2 7 1 0 12 3 12 0 8 32
2 13 3 0 5 16 6 4 0 3
2 0 2 1 17 1 17 1 30 32
2 8 32 33 30 1 7 2 7 1
2 7 3 13 2 8 33 13 0 12
2 27 24 31 32 8 2 13 2 28
2 0 11 0 13 33 20 32 15 33
2 3 0 11 0 2 0 11 0 8
2 9 2 28 31 28 33 30 33 14
2 27 2 32 15 33 29 32 29 32
2 27 24 27 24 25 31 33 9 33
2 3 1 3 13 2 27 23 33 23
2 28 33 20 33 22 33 32 8 32
2 13 33 27 33 31 32 18 33 23
2 27 2 0 13 1 3 2 27 23
2 13 3 7 3 7 3 1 3 7
2 32 29 23 29 26 29 23 33 30
2 32 22 33 27 33 31 33 27 24
2 3 0 7 0 2 7 0 2 1
2 7 1 30 33 20 32 14 32 29
2 28 31 24 31 25 31 28 2 3
1 17 1 19 0 11 0 1 2 32
1 21 1 30 32 29 23 32 8 33
1 0 11 0 4 0 1 21 1 30
1 30 1 2 9 33 26 29 26 33
1 17 1 0 13 33 22 33 27 2
1 3 12 3 2 0 5 10 0 19
1 0 19 33 32 2 0 17 1 19
1 30 32 33 30 1 21 0 19 0
1 3 2 27 2 1 30 33 29 33
1 2 7 0 21 1 7 1 0 2
1 3 12 3 0 11 0 6 4 10
1 7 2 8 32 31 32 20 32 31
1 0 8 2 7 2 8 0 19 1
1 13 33 20 32 8 32 33 8 2
1 19 0 6 5 10 5 10 5 6
1 7 1 13 0 10 5 6 5 16
1 3 12 3 1 17 1 13 1 21
1 3 2 32 8 32 14 33 29 26
1 7 0 12 0 10 4 10 5 10
1 0 2 32 2 3 7 1 2 3
1 30 33 18 32 2 8 2 3 1
1 7 3 2 9 2 13 3 12 3
1 2 0 31 24 27 24 31 33 31
1 30 33 31 32 29 32 23 29 23
1 30 33 26 29 26 33 28 31 32
1 30 33 28 33 32 22 33 13 3
1 2 32 15 32 29 32 29 26 29
1 7 0 11 0 10 4 0 21 0
1 0 11 0 31 32 15 32 31 33
1 19 0 2 13 3 0 8 32 29
1 21 0 2 28 2 3 12 0 4
1 21 1 21 1 30 1 7 0 17
1 19 33 30 33 23 25 24 31 25
1 2 32 31 25 23 33 9 33 23
1 7 3 1 0 31 25 24 31 32
1 21 0 1 30 1 0 19 1 3
1 2 9 33 18 33 23 33 14 32
1 17 1 21 1 0 7 1 17 0
1 7 1 3 7 3 13 2 13 3
1 7 2 8 32 33 8 2 32 2
1 30 1 13 2 13 1 19 33 15
1 30 32 22 32 8 32 18 32 33
1 13 1 0 13 33 22 33 29 33
1 13 0 10 5 0 17 0 6 4
1 17 1 0 1 0 7 1 0 8
1 19 1 0 31 25 23 32 8 2
1 13 0 7 3 2 28 31 24 25
1 13 2 27 2 32 31 25 24 25
1 13 33 28 31 33 27 24 31 25
1 2 0 21 0 19 0 19 33 28
1 17 0 11 0 10 5 10 5 10
1 21 0 19 0 19 0 8 32 8
1 13 3 1 13 0 31 25 23 27
1 7 0 13 0 13 33 27 24 31
1 30 1 13 3 13 1 30 1 0
1 13 33 30 33 32 31 28 2 28
1 13 2 27 23 33 8 32 22 33
1 7 3 7 0 2 27 33 29 23
1 13 0 13 2 0 3 7 0 6
1 2 8 0 4 6 5 0 12 0
30 1 2 1 2 13 1 21 1 2
30 32 15 32 8 0 5 10 4 0
30 32 2 1 3 13 0 19 33 9
30 1 7 3 1 30 33 26 29 23
30 32 8 2 0 19 33 30 32 2
30 33 31 24 31 24 27 2 3 7
30 33 18 32 22 33 8 32 22 32
30 33 29 33 27 2 9 2 1 3
30 1 19 1 7 3 0 19 33 28
30 1 30 33 27 24 27 24 25 23
30 32 23 32 33 30 33 22 33 29
30 1 2 7 0 11 0 12 0 13
30 32 18 33 8 33 20 33 15 33
30 33 29 23 32 33 13 0 19 0
30 1 0 21 1 17 0 11 0 2
30 1 13 0 6 16 6 4 0 21
30 1 30 32 31 25 31 24 25 31
30 32 8 32 8 33 8 32 2 1
30 1 30 33 23 29 32 33 23 33
30 1 21 0 7 0 12 0 17 1
30 32 29 32 8 0 19 1 3 0
30 32 8 32 2 3 7 2 13 1
30 33 18 33 14 33 18 32 14 33
30 32 15 32 29 23 27 33 18 33
30 1 3 2 27 24 27 2 9 2
30 1 21 0 2 32 29 26 29 33
30 1 21 1 13 2 3 0 8 32
30 33 31 24 25 23 33 8 32 33
30 33 8 2 27 2 28 2 3 0
30 1 30 33 31 33 27 24 27 2
30 33 31 24 25 31 0 13 33 13
30 1 17 0 7 1 2 27 33 28
30 32 8 32 8 33 27 23 32 22
30 1 7 0 2 3 13 33 26 33
30 32 15 33 14 33 23 25 31 33
30 33 27 33 27 33 22 32 15 33
30 32 18 33 23 33 31 28 2 32
30 1 3 13 33 27 24 27 33 31
30 32 15 32 22 32 18 32 29 26
30 1 0 17 1 2 9 2 7 0
30 1 2 28 2 32 31 24 25 23
30 32 33 9 2 7 1 2 32 22
30 33 26 33 14 32 30 32 15 33
30 1 13 3 13 1 30 33 9 33
30 32 31 0 2 7 1 2 9 2
30 33 30 33 8 33 31 0 13 33
30 1 30 33 23 25 31 33 14 32
30 33 29 33 30 32 20 32 18 33
30 32 30 1 0 10 0 6 5 0
30 32 8 0 31 0 2 9 33 32
30 32 29 26 33 8 32 8 0 31
30 33 8 0 4 6 0 6 5 0
30 33 32 29 26 33 14 32 2 27
30 1 3 13 33 27 23 32 31 0
30 33 20 32 29 32 22 32 8 32
30 32 2 27 2 1 13 3 13 1
30 32 18 33 19 1 30 1 17 0
30 1 0 21 0 2 13 33 19 1
30 32 30 32 14 33 32 33 20 33
30 33 9 2 7 0 13 33 31 0
9 33 26 33 31 32 8 32 20 32
9 33 19 1 21 0 17 1 3 0
9 33 32 22 32 29 32 2 27 33
9 2 13 3 7 1 13 1 3 12
9 33 30 33 26 29 33 8 2 1
9 2 28 2 0 1 2 8 0 3
9 33 18 33 19 33 26 33 23 27
9 33 19 0 19 1 19 33 8 32
9 2 3 2 13 1 13 3 13 33
9 2 3 7 3 13 0 5 6 4
9 33 23 29 26 29 23 33 23 27
9 33 30 32 23 27 23 29 33 29
9 2 13 33 14 33 22 33 26 29
9 33 31 28 33 14 32 33 13 0
9 2 9 2 27 33 26 33 20 32
9 33 27 2 1 21 1 19 0 21
9 2 0 3 12 3 12 3 13 2
9 33 32 23 29 23 25 23 25 24
9 33 29 23 27 24 31 32 14 32
9 33 20 33 30 33 28 31 32 22
9 33 32 18 32 15 33 31 32 20
9 2 27 23 29 26 29 32 14 32
9 2 32 22 32 30 32 2 32 22
9 2 32 14 33 15 32 14 33 22
9 33 19 1 0 1 13 0 7 0
9 33 26 29 32 15 32 33 15 33
9 2 8 32 33 13 1 3 7 0
9 33 32 22 32 15 32 18 33 15
9 2 9 33 26 29 32 33 9 33
9 33 14 33 28 33 26 29 26 29
9 2 3 12 3 0 6 0 10 4
9 2 28 31 32 18 32 30 32 31
9 33 15 33 14 33 27 23 27 24
9 2 8 2 8 32 20 33 18 33
9 33 15 32 23 32 33 26 33 19
9 2 7 3 0 10 0 6 4 10
9 2 32 33 29 26 29 23 33 28
9 2 1 2 32 18 32 8 32 15
9 33 31 32 14 32 18 33 22 32
9 2 0 7 3 0 6 0 21 0
9 33 23 27 33 13 33 29 26 29
9 33 28 33 18 32 14 32 33 28
9 2 13 3 13 3 13 33 30 1
9 2 0 21 0 13 3 13 2 7
9 2 27 33 15 32 30 32 2 1
9 33 8 32 20 33 27 33 27 2
9 33 22 32 30 32 29 33 23 32
9 33 29 26 29 26 33 14 33 30
9 33 19 1 2 32 8 2 3 7
9 33 18 33 28 33 28 31 32 23
9 2 1 0 3 2 32 14 32 33
9 2 8 0 1 2 27 24 31 24
9 2 32 29 23 27 24 25 31 28
9 33 30 32 23 25 23 27 33 30
9 2 0 21 0 5 10 5 10 0
9 2 28 33 31 28 33 14 33 22
9 2 3 13 0 31 25 23 33 18
9 2 32 23 29 32 30 1 2 9
9 2 28 2 1 2 13 1 3 2
9 33 14 32 15 32 31 0 5 10
32 20 32 29 23 29 32 8 2 28
32 18 32 14 32 18 33 19 1 2
32 29 26 33 19 1 30 1 0 7
32 14 33 22 32 14 32 30 32 29
32 2 8 32 20 32 23 27 33 27
32 15 33 27 23 32 33 26 33 8
32 33 9 33 29 32 22 32 33 23
32 15 33 13 3 1 3 7 3 1
32 29 26 33 28 2 0 12 3 7
32 20 33 30 32 18 33 13 3 0
32 29 23 25 24 27 33 26 29 23
32 33 30 32 30 1 13 33 27 23
32 22 32 18 33 19 1 0 5 16
32 15 32 18 32 22 32 2 0 10
32 15 32 29 23 25 31 0 17 1
32 29 26 33 29 32 20 33 13 1
32 20 32 8 32 30 32 8 33 15
32 31 33 29 33 30 32 31 24 25
32 2 0 31 25 24 25 24 31 25
32 30 32 14 33 31 0 21 0 13
32 8 32 8 2 28 33 13 0 2
32 8 32 18 33 15 32 29 26 33
32 23 33 29 23 25 23 29 26 29
32 31 32 2 3 2 13 2 27 24
32 15 32 31 28 31 0 10 4 10
32 33 28 33 14 32 18 32 2 3
32 8 0 21 0 13 2 13 1 13
32 31 24 27 2 27 24 31 25 24
32 30 1 2 13 0 21 1 21 0
32 30 1 7 1 0 17 0 13 2
32 30 1 7 0 4 0 17 1 13
32 29 26 29 26 29 23 27 23 27
32 18 32 33 26 33 28 31 25 31
32 20 33 28 33 14 33 22 32 14
32 31 0 3 0 2 8 32 20 33
32 2 9 33 18 33 19 0 5 16
32 2 7 1 19 33 26 29 26 29
32 8 0 31 25 24 31 32 8 2
32 30 33 14 32 31 28 31 32 22
32 8 32 2 9 33 30 1 19 0
32 18 32 15 33 15 32 2 1 19
32 22 32 15 33 18 33 14 33 22
32 18 32 29 32 29 23 33 14 33
32 18 32 8 32 8 2 0 6 5
32 2 7 0 13 2 7 0 6 0
32 2 27 23 25 23 29 26 33 29
32 14 33 20 33 26 29 33 29 23
32 23 32 8 32 31 0 11 0 3
32 29 26 29 32 2 27 23 33 30
32 31 33 18 32 22 33 19 0 2
32 31 24 25 31 32 31 33 8 32
32 23 27 33 9 33 29 23 32 14
32 8 32 18 33 8 32 20 33 23
32 8 2 9 2 28 2 7 1 3
32 14 33 26 33 18 33 29 33 8
32 14 32 33 13 0 11 0 6 16
32 15 32 30 33 15 32 31 32 18
32 29 26 33 28 33 19 0 3 0
32 33 19 33 29 33 13 2 0 21
32 20 33 27 2 27 24 31 28 31
28 33 13 33 19 1 19 0 13 3
28 31 33 13 1 19 0 31 25 31
28 33 29 26 33 32 33 22 33 30
28 2 9 2 8 32 14 32 2 0
28 33 29 26 29 26 33 19 33 28
28 33 26 33 32 8 32 29 32 8
28 31 33 20 33 28 2 1 21 0
28 2 9 33 8 32 30 1 17 1
28 31 33 30 1 3 13 33 9 2
28 31 24 25 23 29 32 31 24 31
28 31 28 31 32 30 33 22 33 19
28 2 8 2 1 19 1 7 1 30
28 31 28 31 24 25 31 32 23 32
28 33 14 32 15 32 33 29 32 31
28 2 0 12 0 7 0 12 0 8
28 31 28 2 1 19 1 13 33 26
28 31 28 2 27 23 29 23 29 32
28 31 24 25 24 31 33 27 2 32
28 2 28 33 8 0 8 33 8 33
28 31 0 3 2 28 31 28 2 8
28 2 8 33 8 2 3 7 2 7
28 2 1 21 0 21 0 17 1 19
28 33 22 33 20 32 30 33 29 23
28 33 18 32 20 33 27 23 25 24
28 31 0 2 27 2 13 3 7 2
28 2 7 2 28 33 19 1 30 1
28 33 15 32 30 1 2 1 3 1
28 31 0 10 4 6 5 10 4 0
28 31 24 31 33 13 33 20 32 22
28 33 19 33 32 29 23 32 15 33
28 31 32 31 0 12 3 13 3 1
28 33 18 33 29 33 22 33 22 32
28 33 13 0 31 25 24 31 25 24
28 33 26 29 32 14 33 27 33 13
28 31 33 31 32 22 33 27 2 3
28 2 7 2 0 11 0 11 0 6
28 2 8 0 11 0 17 0 8 32
28 31 28 31 24 31 28 31 25 24
28 31 28 31 0 10 4 6 0 1
28 2 7 3 1 17 1 30 33 20
28 2 27 2 9 33 31 32 33 29
28 31 33 9 33 26 33 14 32 14
28 33 32 18 32 8 32 15 33 22
28 31 32 22 33 15 33 32 8 0
28 33 28 33 19 1 30 32 8 32
28 2 0 10 5 0 7 0 7 2
28 31 0 31 24 25 24 31 33 23
28 33 13 0 12 3 1 17 0 11
28 33 26 33 27 24 27 23 33 31
28 2 3 0 31 24 27 2 1 7
28 33 15 33 31 28 31 33 18 32
28 31 28 2 8 33 26 29 32 14
28 33 26 29 33 8 0 12 0 6
28 33 13 1 13 1 19 1 0 31
28 2 3 7 0 31 24 31 32 31
28 31 0 19 1 2 9 33 22 33
28 33 26 29 33 23 29 26 29 33
28 2 0 4 0 4 6 0 11 0
28 2 1 7 3 12 0 4 6 16
28 2 32 18 33 18 33 20 32 18
27 23 32 18 33 31 24 31 33 28
27 24 31 24 27 33 14 32 8 32
27 24 25 31 32 8 0 5 16 6
27 23 32 33 18 32 18 33 18 33
27 23 25 31 28 33 30 33 30 1
27 23 29 32 8 32 2 13 2 8
27 33 26 29 32 14 33 27 23 33
27 23 27 33 30 33 23 29 26 29
27 2 0 10 4 0 4 6 4 6
27 33 15 32 33 19 0 12 3 0
27 33 9 33 27 33 31 28 2 32
27 33 23 27 2 27 24 25 23 25
27 2 13 1 2 27 2 1 3 12
27 33 26 33 27 33 15 32 15 32
27 33 19 33 14 32 18 33 8 33
27 33 30 1 2 7 1 13 2 27
27 24 31 32 14 33 30 1 7 0
27 23 27 33 22 33 14 33 27 23
27 2 3 1 30 32 20 33 15 33
27 24 25 23 32 33 30 1 19 0
27 24 27 23 32 31 25 24 31 25
27 33 32 8 2 9 33 23 29 33
27 2 27 24 31 28 31 0 5 0
27 24 27 33 23 27 24 27 24 27
27 33 32 20 32 14 32 23 33 19
27 24 25 31 0 3 7 0 7 0
27 33 9 33 22 32 33 15 32 8
27 24 27 2 9 33 14 32 23 29
27 24 31 33 14 32 8 32 2 8
27 2 9 33 13 1 21 0 31 32
27 33 19 1 17 1 3 0 7 0
27 24 31 32 2 0 5 6 0 8
27 24 25 31 0 10 5 6 5 0
27 33 23 29 23 33 18 33 31 0
27 23 29 32 14 32 31 25 31 0
27 23 32 8 32 29 23 27 23 29
27 33 20 33 8 0 19 33 26 33
27 23 33 9 33 22 33 8 0 21
27 23 25 31 24 25 23 29 32 23
27 24 31 33 13 3 13 1 30 1
27 23 29 32 2 27 24 25 24 25
27 2 32 2 27 2 28 31 24 25
27 33 23 29 26 29 26 33 32 20
27 33 26 29 26 29 23 29 26 33
27 23 27 23 25 23 29 33 32 8
27 33 15 32 20 32 20 32 31 32
27 23 25 31 32 22 33 23 29 26
27 23 29 32 18 32 29 33 28 2
27 24 31 33 30 1 30 32 31 0
27 23 33 31 24 27 33 28 33 20
27 24 31 0 4 6 16 5 16 5
27 2 32 29 23 29 23 32 20 32
27 24 31 33 14 33 28 31 24 31
27 24 27 24 31 32 8 32 30 32
27 2 0 2 8 2 1 21 0 6
27 24 31 24 25 24 25 23 29 26
27 24 27 23 32 20 33 31 0 7
27 33 29 26 29 23 27 24 31 33
27 24 25 24 25 31 25 31 25 24
27 2 3 2 1 30 1 17 1 0
16 6 16 5 16 5 16 6 16 5
16 6 5 10 0 6 4 0 31 32
16 5 10 5 10 0 12 3 12 0
16 5 0 8 32 14 32 23 33 19
16 5 16 5 16 5 16 5 6 0
16 6 4 10 5 6 16 5 10 5
16 5 10 0 2 0 1 7 3 13
16 6 16 6 4 0 7 2 32 30
16 6 4 10 5 0 21 1 7 3
16 5 6 16 6 0 21 0 1 7
16 5 0 4 0 11 0 6 16 5
16 6 0 5 6 5 6 0 13 1
16 5 16 5 0 4 0 17 1 19
16 5 6 4 6 16 5 10 0 1
16 5 16 6 4 0 2 9 2 1
16 6 4 10 5 10 5 10 5 10
16 5 0 21 0 1 17 1 13 2
16 6 0 4 10 0 12 0 19 0
16 5 10 5 10 4 0 3 1 17
16 5 6 16 6 16 6 4 6 5
16 6 0 1 13 2 0 8 33 14
16 6 5 0 12 0 19 1 7 0
16 6 0 5 10 5 0 1 21 1
16 5 10 5 10 4 10 4 6 4
16 5 10 5 10 5 10 5 10 5
16 6 4 0 13 3 1 13 33 27
16 6 0 19 1 13 0 3 2 32
16 5 6 5 0 2 9 33 23 29
16 6 16 6 16 6 5 6 4 10
16 6 16 6 0 11 0 31 33 30
16 5 16 6 4 10 4 6 4 0
16 6 16 6 0 5 6 4 6 0
16 6 5 0 1 19 33 26 33 14
16 6 16 6 5 0 10 5 0 1
16 6 5 16 5 0 10 5 6 4
16 5 0 17 1 30 33 20 32 15
16 5 0 10 4 0 4 6 0 10
16 5 16 5 0 2 0 8 0 3
16 5 6 0 8 33 15 33 31 33
16 6 5 0 11 0 10 0 17 1
16 5 10 5 10 0 6 4 6 16
16 5 16 5 0 17 1 19 33 30
16 6 4 6 0 21 0 4 10 4
16 5 0 1 19 33 9 33 26 33
16 6 5 6 16 5 0 11 0 10
16 5 16 6 4 6 16 6 16 5
16 5 6 0 21 0 7 1 17 1
16 5 0 11 0 4 10 4 10 4
16 6 5 10 4 10 0 31 28 33
16 6 0 21 1 2 28 2 13 0
16 5 0 17 0 7 2 1 2 3
16 6 16 6 0 19 33 20 32 20
16 5 0 11 0 10 4 0 13 1
16 5 6 5 0 12 3 2 9 2
16 5 6 0 3 12 0 3 0 4
16 6 5 16 5 16 5 6 0 17
16 5 0 12 0 12 0 31 0 4
16 5 16 5 16 6 5 0 13 2
16 5 0 8 33 32 8 33 22 32
16 5 16 6 5 16 6 5 16 5
33 19 1 21 0 31 0 13 3 0
33 23 27 2 13 2 32 14 32 20
33 13 1 0 21 1 7 1 19 0
33 32 20 32 22 33 26 33 23 29
33 15 32 33 22 32 23 29 32 18
33 30 33 19 33 14 33 29 33 8
33 20 32 30 1 13 33 18 33 23
33 14 33 9 33 13 33 22 33 18
33 26 29 26 33 31 25 24 31 0
33 13 1 17 1 7 1 0 19 0
33 31 25 31 28 31 33 8 32 22
33 23 29 32 29 33 13 33 26 29
33 13 3 13 33 26 29 23 27 33
33 26 33 19 1 19 33 29 23 29
33 8 0 12 0 6 5 16 5 16
33 13 1 19 33 18 32 20 33 27
33 15 32 20 32 14 32 14 32 29
33 14 33 28 2 13 0 12 0 13
33 22 33 18 33 22 33 20 33 14
33 22 33 18 32 23 29 32 8 32
33 32 14 32 14 32 31 0 10 0
33 30 33 27 2 28 2 27 24 25
33 30 32 33 30 32 29 26 29 23
33 30 1 19 0 2 7 0 7 0
33 28 2 3 2 9 2 28 31 25
33 14 32 15 32 23 29 23 33 29
33 32 30 1 19 1 21 0 12 3
33 29 32 15 33 15 32 22 33 26
33 23 32 33 30 33 23 33 9 33
33 28 33 19 1 0 2 32 20 33
33 18 32 8 2 8 0 19 0 31
33 23 25 23 25 31 28 2 3 7
33 9 2 0 6 4 10 4 6 5
33 18 33 26 29 32 8 32 8 32
33 23 25 31 28 31 33 32 8 32
33 18 33 27 33 19 33 26 29 23
33 30 33 14 33 9 2 3 2 9
33 29 32 8 0 31 0 4 0 13
33 20 32 22 33 14 32 8 33 14
33 26 29 33 13 3 0 5 0 13
33 8 2 28 31 33 22 32 14 33
33 20 33 32 8 0 1 21 0 19
33 30 32 30 1 13 33 28 31 25
33 18 32 30 33 31 28 33 26 33
33 30 1 17 0 11 0 6 16 6
33 31 33 27 23 29 33 26 33 27
33 28 33 22 32 31 24 25 23 29
33 9 2 27 2 3 1 3 12 0
33 30 33 30 32 22 33 22 33 19
33 26 33 18 32 8 2 28 33 28
33 15 32 23 33 32 2 32 18 33
33 19 1 17 0 7 2 28 2 1
33 22 33 14 33 28 31 32 20 32
33 31 0 10 5 16 5 6 0 8
33 28 2 0 6 0 17 1 3 7
33 22 33 8 0 8 32 18 33 22
33 31 0 11 0 19 1 30 32 22
33 26 29 23 33 8 0 21 0 6
33 18 33 14 33 19 33 32 29 32
33 27 33 13 33 18 32 22 32 22
14 32 15 33 18 33 26 33 30 1
14 32 15 32 30 32 29 26 33 28
14 32 8 32 14 33 9 2 32 20
14 32 8 32 29 26 29 26 29 26
14 33 31 28 2 13 3 0 12 0
14 32 14 33 15 32 29 32 2 28
14 32 18 33 8 32 31 28 33 14
14 32 29 23 25 23 32 18 33 22
14 32 14 33 27 2 8 2 32 15
14 32 2 9 2 32 2 32 2 0
14 32 8 32 30 1 13 2 8 32
14 32 18 33 32 8 0 31 0 19
14 32 23 33 14 33 9 33 27 2
14 32 29 32 29 33 26 33 15 33
14 32 8 2 0 3 0 17 1 30
14 32 15 33 19 0 1 7 1 30
14 33 18 33 9 2 3 1 0 7
14 33 30 1 17 0 13 3 7 0
14 33 32 22 32 15 33 29 23 33
14 33 15 32 8 32 8 2 32 20
14 33 28 33 31 24 31 33 8 33
14 33 8 32 23 25 23 25 23 32
14 32 30 33 13 33 9 2 3 7
14 33 31 0 1 19 1 21 0 3
14 33 20 32 23 29 26 33 19 1
14 33 30 1 19 33 31 24 25 24
14 32 30 1 30 32 8 32 23 25
14 32 31 28 31 28 31 33 23 25
14 33 30 32 14 32 29 32 30 32
14 33 9 2 0 31 25 23 27 24
14 32 31 25 23 33 22 32 29 32
14 33 30 32 8 2 27 2 7 0
14 33 28 33 28 2 8 0 31 33
14 32 23 32 18 33 13 2 32 23
14 33 32 23 29 33 23 25 24 25
14 33 26 33 28 33 18 32 20 33
14 33 8 32 14 32 2 28 31 24
14 33 22 32 18 32 31 28 33 8
14 33 13 1 17 0 11 0 7 3
14 33 8 33 31 25 24 25 24 27
14 32 20 33 31 24 31 28 31 25
14 32 8 32 31 24 25 23 29 33
14 33 32 22 33 20 32 29 23 25
14 32 14 33 22 33 23 27 24 31
14 33 31 24 31 32 8 33 22 33
14 33 15 33 14 32 31 28 31 28
14 33 30 1 17 1 13 2 28 31
14 33 19 33 20 32 8 32 8 0
14 32 2 3 2 8 32 23 33 29
14 32 22 32 18 33 20 33 8 2
14 33 29 23 33 22 33 13 2 27
14 33 20 33 28 2 32 30 32 20
14 33 27 24 31 0 13 3 0 31
14 33 13 2 3 2 9 33 32 8
14 32 23 27 33 23 27 33 20 32
14 32 18 33 31 32 29 32 15 32
14 32 30 33 19 33 22 32 30 33
14 32 8 0 11 0 12 0 2 27
14 32 14 33 9 2 32 14 33 14
14 33 22 32 15 33 9 2 0 12
15 32 23 27 24 31 32 2 27 33
15 33 9 33 30 33 14 33 20 33
15 32 8 33 28 31 24 25 31 24
15 33 29 32 22 32 29 33 14 32
15 33 22 33 28 2 9 33 9 33
15 33 19 0 31 24 27 23 32 15
15 32 29 23 32 2 7 2 27 33
15 33 19 0 3 12 0 17 1 30
15 32 15 33 20 33 27 24 25 23
15 33 30 32 30 32 30 1 0 11
15 33 26 33 26 29 23 32 18 33
15 33 29 26 33 13 2 0 7 3
15 33 28 31 33 30 32 18 33 15
15 32 8 32 31 33 30 32 30 32
15 32 18 33 14 33 14 33 13 33
15 33 30 33 30 33 30 32 30 33
15 33 23 33 13 0 2 27 23 27
15 32 20 33 9 2 3 12 3 2
15 32 14 32 31 25 31 32 22 33
15 32 8 32 2 32 8 32 2 13
15 33 28 31 25 24 31 28 33 19
15 33 27 24 25 31 32 33 13 1
15 32 2 0 4 6 16 6 5 0
15 33 30 33 18 33 27 24 31 25
15 32 8 32 20 32 30 32 33 18
15 33 31 24 25 23 27 2 8 2
15 32 23 27 2 1 2 0 17 1
15 32 22 32 8 2 0 11 0 10
15 33 32 33 19 33 20 32 30 1
15 33 23 27 2 1 0 8 32 22
15 32 2 28 33 31 0 19 33 9
15 32 15 32 2 32 18 33 31 24
15 32 14 32 14 33 32 31 33 19
15 32 23 29 32 30 1 30 33 29
15 32 15 32 2 1 13 33 14 32
15 32 18 33 22 32 22 32 29 32
15 32 20 33 9 33 22 33 22 32
15 32 14 33 31 32 23 25 23 25
15 33 18 32 15 32 30 32 8 2
15 33 27 33 19 1 17 1 7 2
15 32 30 32 33 20 33 8 32 20
15 33 27 24 27 2 13 3 13 0
15 33 29 32 2 9 33 14 33 27
15 32 33 28 31 25 31 32 14 32
15 33 29 23 32 14 32 33 19 0
15 32 15 33 13 3 12 0 6 16
15 33 22 33 26 33 15 32 14 32
15 32 8 32 31 0 7 3 7 3
15 32 30 33 19 1 13 0 13 2
15 33 32 23 25 24 25 31 33 31
15 32 20 32 14 32 2 9 2 7
15 32 23 25 31 32 18 33 14 33
15 33 8 2 3 12 3 1 0 5
15 32 30 1 7 0 19 0 1 13
15 32 33 31 33 14 32 15 32 8
15 33 9 33 8 2 9 33 23 25
15 32 15 33 22 32 8 0 6 5
15 32 18 33 18 33 18 33 14 33
15 32 18 33 26 29 23 27 2 1
15 33 28 2 7 1 7 2 9 33
18 32 30 33 27 33 15 32 14 33
18 32 29 23 29 23 25 23 27 33
18 33 27 2 7 1 19 1 30 32
18 32 31 0 12 3 1 7 2 8
18 32 23 25 23 29 32 22 33 14
18 33 8 2 7 0 19 1 21 1
18 33 27 24 31 24 25 31 25 23
18 33 18 33 18 32 8 0 10 0
18 33 29 23 29 26 29 33 22 32
18 33 27 2 27 24 25 24 31 28
18 33 29 26 33 9 33 13 2 7
18 33 14 32 20 32 33 13 2 0
18 33 14 32 30 33 27 33 15 33
18 32 22 32 31 32 20 33 8 32
18 33 13 2 32 29 32 14 32 8
18 33 28 31 24 25 23 25 31 0
18 33 8 33 18 32 18 32 15 33
18 33 8 32 33 29 32 8 2 7
18 32 8 32 31 33 22 32 2 8
18 32 18 33 27 24 25 31 33 26
18 32 23 25 23 32 15 33 14 33
18 32 8 32 8 32 20 32 15 33
18 32 8 32 15 32 29 23 25 24
18 32 8 33 22 33 28 31 25 31
18 32 29 23 29 32 18 32 33 20
18 32 31 32 29 32 8 0 6 16
18 32 29 26 33 32 22 32 2 0
18 33 26 33 18 32 30 32 2 3
18 32 29 32 20 33 19 33 9 33
18 33 8 0 17 1 17 1 13 3
18 33 20 32 31 28 2 8 2 7
18 32 8 33 15 32 30 33 19 0
18 33 9 33 19 0 31 25 24 27
18 32 33 32 33 22 32 23 29 23
18 32 30 33 8 32 30 32 31 33
18 32 2 9 2 7 3 0 5 6
18 33 15 32 2 13 33 20 32 20
18 33 19 1 17 1 7 3 12 0
18 33 20 33 22 32 14 32 18 32
18 33 28 31 24 27 23 32 31 32
18 32 22 33 28 31 0 4 10 4
18 33 31 25 31 28 2 13 2 32
18 32 18 32 33 23 33 8 2 8
18 33 20 33 22 33 29 23 25 31
18 32 18 32 31 28 2 13 2 13
18 33 8 32 33 8 32 8 33 23
18 33 8 33 14 32 14 33 14 32
18 32 2 8 0 4 0 1 21 1
18 32 8 32 22 32 8 32 20 32
18 33 14 32 2 7 0 11 0 17
18 32 23 25 31 33 30 33 28 2
18 32 20 32 8 32 2 0 21 1
18 33 28 33 26 33 9 33 19 1
18 33 13 0 31 28 2 0 17 0
18 32 14 33 30 33 8 0 3 1
18 32 8 32 20 32 22 32 23 32
18 33 26 29 26 29 23 29 33 14
18 32 14 33 30 33 14 33 32 2
18 33 29 26 33 28 33 32 8 2
18 32 2 3 0 8 32 29 33 28
20 33 18 32 29 33 27 24 31 32
20 32 8 32 8 2 8 32 8 2
20 33 30 32 8 33 15 33 9 33
20 32 2 3 13 33 20 32 8 2
20 32 18 33 15 33 32 31 0 21
20 33 14 33 13 2 27 2 27 33
20 32 31 32 2 3 2 28 2 8
20 33 32 14 33 23 27 2 28 33
20 33 9 33 19 0 10 5 16 6
20 32 18 32 15 32 8 32 23 33
20 32 33 26 29 33 27 23 32 33
20 32 30 32 22 33 31 0 1 13
20 33 29 33 19 0 10 4 10 4
20 33 20 32 23 33 27 24 25 31
20 33 30 32 29 26 29 26 29 33
20 32 22 33 14 32 18 33 30 1
20 33 14 33 15 32 31 25 31 24
20 32 15 32 23 27 24 31 24 31
20 33 30 1 0 17 0 3 13 3
20 33 15 32 30 33 30 32 31 33
20 33 14 33 14 32 22 33 19 1
20 33 22 32 23 32 31 33 27 33
20 33 27 24 27 33 15 32 23 25
20 33 30 33 20 32 2 8 0 21
20 33 23 29 32 22 32 22 33 20
20 32 23 25 24 25 23 25 23 32
20 32 22 32 18 33 22 32 22 32
20 32 15 32 14 33 8 0 31 32
20 33 29 32 22 32 23 25 23 33
20 33 8 0 8 32 31 33 27 33
20 33 18 32 30 33 15 33 15 33
20 32 15 32 8 32 18 33 27 33
20 33 30 33 8 0 11 0 2 32
20 32 8 2 1 19 33 15 32 33
20 32 15 33 13 33 31 33 9 33
20 33 8 2 7 1 3 1 19 0
20 32 22 32 8 2 32 15 32 8
20 33 9 2 7 3 0 1 2 9
20 33 32 8 0 5 0 31 32 30
20 32 14 33 14 32 29 33 32 2
20 32 2 32 15 32 14 33 9 33
20 33 30 1 0 1 30 33 18 33
20 32 23 33 15 33 20 33 32 31
20 32 2 28 2 8 33 23 29 32
20 32 30 32 8 32 14 33 26 29
20 32 33 15 33 31 32 8 32 20
20 32 31 32 29 23 33 9 33 32
20 33 18 32 15 33 18 32 2 3
20 33 8 2 8 33 31 0 31 0
20 32 8 2 8 32 8 33 8 2
20 33 30 1 7 3 2 32 30 32
20 33 13 33 30 33 15 33 27 2
20 33 27 33 13 1 30 32 8 32
20 32 33 8 2 27 2 8 32 18
20 32 29 23 27 33 30 32 30 33
20 32 14 33 13 1 0 2 3 1
20 32 2 8 33 20 32 23 32 29
20 33 14 33 29 23 25 24 27 33
20 33 23 25 23 29 23 25 23 27
20 33 23 25 24 27 2 9 33 26
22 32 18 32 22 33 27 24 25 23
22 32 29 32 14 32 15 32 29 26
22 32 20 33 8 0 17 1 3 12
22 32 8 32 8 0 6 0 5 0
22 32 8 32 23 29 23 27 33 30
22 33 22 33 26 29 26 33 19 1
22 33 26 29 32 8 32 18 32 14
22 32 23 25 24 31 28 33 29 32
22 33 22 33 15 33 20 32 14 33
22 32 18 33 23 25 24 25 24 27
22 32 33 19 1 7 3 0 4 0
22 33 13 1 2 13 1 19 0 3
22 32 2 1 17 0 6 16 5 10
22 33 13 2 7 1 2 3 2 32
22 32 8 33 30 1 3 0 13 2
22 32 18 32 22 33 18 33 13 2
22 33 9 33 28 2 27 23 29 23
22 33 26 29 26 33 8 2 27 23
22 32 30 1 0 5 6 5 10 0
22 32 8 32 23 27 24 27 24 27
22 32 14 33 32 14 32 23 25 24
22 32 8 0 31 33 20 32 31 0
22 33 14 33 30 33 31 33 23 32
22 33 13 33 20 33 20 33 26 33
22 32 33 13 1 2 13 3 12 3
22 32 15 32 8 0 10 0 12 0
22 33 14 33 29 23 29 26 29 33
22 32 23 32 31 28 31 0 12 3
22 32 31 25 23 29 26 33 22 32
22 33 15 32 18 32 18 32 14 33
22 32 30 1 19 0 3 7 0 11
22 32 29 32 33 30 33 19 0 6
22 32 30 32 29 32 22 32 2 7
22 33 26 33 9 2 32 2 0 4
22 33 30 32 33 14 32 22 32 8
22 33 8 33 26 29 26 33 20 33
22 33 28 31 32 8 2 7 3 7
22 33 32 15 32 29 23 25 31 32
22 33 13 0 12 3 12 3 1 3
22 32 31 32 8 2 32 29 23 25
22 33 8 0 5 6 4 10 0 11
22 33 26 29 23 33 32 29 23 25
22 32 33 22 33 19 33 28 2 27
22 33 30 1 17 1 2 8 33 15
22 32 29 23 32 15 32 18 32 33
22 32 22 33 9 2 27 33 9 2
22 32 15 32 2 13 3 7 1 19
22 32 2 13 1 13 1 19 33 9
22 32 22 32 22 33 9 2 1 21
22 32 15 33 30 1 7 3 2 1
22 32 31 33 20 33 22 33 13 0
22 33 23 33 18 33 20 33 13 3
22 32 33 20 32 18 33 30 32 18
22 32 31 32 29 33 31 33 29 32
22 33 13 2 0 19 0 21 1 3
22 32 8 33 23 25 31 32 29 23
22 32 23 33 19 33 31 32 8 32
22 32 8 33 18 32 18 33 23 29
22 32 30 32 29 23 33 20 32 29
22 33 22 33 30 1 3 2 1 30
23 29 32 31 32 14 33 27 2 13
23 32 23 33 9 2 8 32 30 33
23 29 23 33 14 33 23 27 24 27
23 27 33 32 18 32 2 32 23 27
23 29 26 29 23 29 23 33 13 0
23 29 26 29 32 8 32 15 32 33
23 27 23 27 2 9 2 28 31 24
23 27 33 20 33 32 33 20 32 23
23 27 24 31 32 31 28 31 28 2
23 32 23 32 33 31 25 23 25 24
23 33 18 33 32 8 33 8 0 12
23 27 23 32 8 0 11 0 17 1
23 27 23 25 24 25 23 32 29 23
23 27 2 0 6 0 1 30 33 20
23 32 22 32 8 2 32 8 32 2
23 32 8 2 7 1 30 32 22 32
23 25 24 25 23 33 13 1 19 33
23 32 22 33 29 23 32 8 32 14
23 27 23 32 30 1 3 7 2 1
23 27 24 31 0 7 2 8 32 20
23 29 23 29 32 20 32 18 32 23
23 27 2 0 6 16 6 16 6 0
23 33 9 2 1 2 1 13 0 12
23 25 31 0 5 16 6 16 5 10
23 32 8 32 33 30 32 2 0 6
23 32 33 20 32 15 33 19 33 30
23 32 22 33 8 32 15 33 19 1
23 27 24 27 33 22 33 32 20 32
23 33 28 31 32 33 29 33 19 33
23 27 23 29 32 23 32 33 15 32
23 32 29 23 25 23 33 14 32 8
23 32 18 33 29 26 29 26 29 23
23 33 15 33 29 23 33 8 2 27
23 27 24 31 33 22 32 2 3 7
23 33 9 33 23 29 23 32 30 1
23 25 24 27 24 27 24 31 24 25
23 33 13 1 7 0 19 0 21 0
23 27 23 32 29 26 29 33 19 0
23 25 23 32 29 26 29 23 29 33
23 29 33 20 32 2 28 31 0 4
23 25 24 27 23 25 31 33 22 33
23 27 2 9 2 27 23 33 28 33
23 29 23 33 32 15 33 26 33 30
23 29 23 25 24 25 24 31 0 21
23 25 31 32 22 33 23 33 20 33
23 29 23 33 30 33 20 32 8 32
23 25 31 25 31 33 15 32 22 32
23 29 23 27 23 32 14 33 18 32
23 33 26 29 23 32 22 33 13 33
23 25 31 32 22 32 18 33 8 33
23 25 24 25 31 33 26 33 31 33
23 29 32 15 33 18 33 23 33 32
23 25 24 25 31 25 24 27 33 22
23 27 23 32 15 32 8 0 10 0
23 33 22 33 27 23 29 32 20 32
23 32 8 33 29 33 28 33 32 2
23 29 33 30 1 21 0 7 2 0
23 25 24 27 2 7 0 13 2 28
23 32 2 27 2 9 33 27 23 32
23 25 31 33 28 33 8 2 32 23
29 33 15 33 13 3 12 3 13 33
29 32 31 28 31 0 11 0 11 0
29 26 33 30 32 15 32 22 32 33
29 26 29 23 29 23 27 2 27 33
29 32 20 32 29 33 14 32 22 32
29 26 29 32 8 0 3 0 3 7
29 26 29 33 32 29 32 31 25 23
29 33 23 25 23 29 23 33 23 25
29 23 29 33 29 23 32 30 32 14
29 26 33 13 33 8 32 33 31 33
29 23 32 30 33 18 33 30 33 32
29 33 26 33 18 32 2 28 2 7
29 23 27 33 22 33 20 32 20 33
29 23 33 8 2 3 7 3 12 3
29 32 22 32 20 33 28 2 9 33
29 26 29 32 8 32 2 8 32 15
29 26 29 23 33 20 32 30 32 29
29 26 33 22 33 28 31 25 31 24
29 33 18 32 30 32 8 32 18 32
29 26 33 22 32 8 32 22 32 2
29 33 20 32 29 32 8 0 2 32
29 32 14 33 8 32 31 33 9 33
29 26 29 26 33 14 32 29 26 29
29 32 22 33 18 32 8 33 18 33
29 26 29 26 29 33 29 26 33 23
29 23 25 24 27 24 31 33 18 33
29 32 33 29 23 32 31 32 29 23
29 26 29 26 29 33 32 15 33 31
29 32 15 33 31 32 29 32 14 32
29 33 28 33 13 33 29 26 33 27
29 32 15 32 14 33 28 31 25 31
29 23 25 24 27 24 31 24 25 31
29 23 33 19 1 30 1 3 1 3
29 33 27 2 27 24 27 2 1 17
29 32 14 33 13 3 13 2 3 7
29 23 29 33 9 2 9 2 7 0
29 23 32 2 13 1 2 8 32 15
29 32 8 32 33 27 23 32 22 32
29 26 33 29 33 22 33 8 0 31
29 23 33 13 0 4 6 0 13 1
29 23 25 24 31 33 9 33 13 1
29 26 29 33 23 29 33 15 33 15
29 33 18 32 8 32 20 32 23 33
29 23 27 33 27 33 23 27 2 13
29 23 29 23 29 32 14 33 14 33
29 26 29 26 33 29 26 29 33 14
29 23 32 31 32 2 7 3 12 0
29 33 13 0 10 5 6 4 6 5
29 32 23 25 23 25 31 24 31 28
29 33 14 33 9 2 7 0 4 10
29 32 22 32 23 32 23 25 31 25
29 26 33 15 32 8 32 8 0 13
29 33 31 0 11 0 13 3 2 28
29 23 32 31 33 26 33 18 33 14
29 33 14 32 8 0 21 0 13 1
29 33 15 33 8 0 6 16 6 5
29 26 29 32 8 32 33 28 31 0
29 32 15 32 30 1 13 0 19 33
29 26 33 20 32 8 32 2 28 31
29 26 29 26 33 13 2 0 12 0
25 31 24 25 24 31 24 31 24 31
25 23 25 24 31 25 24 27 23 29
25 31 0 1 7 3 7 0 4 6
25 23 27 23 33 30 33 19 33 15
25 23 27 23 27 23 25 24 31 24
25 23 27 2 13 33 18 33 14 32
25 31 0 7 2 32 8 32 22 33
25 24 31 32 8 32 33 15 33 13
25 24 27 33 28 31 25 31 28 31
25 23 25 23 29 33 9 33 9 2
25 23 27 24 27 33 18 33 19 0
25 24 31 28 2 0 11 0 21 1
25 23 29 33 15 33 26 29 26 29
25 24 31 33 18 33 30 32 20 33
25 24 27 24 25 23 32 8 2 3
25 31 24 27 23 25 31 25 23 29
25 24 27 23 29 26 29 32 31 24
25 31 25 24 27 24 31 25 24 25
25 24 27 33 27 23 29 32 29 32
25 24 27 2 3 12 0 11 0 12
25 31 32 2 1 17 1 13 33 28
25 24 31 0 2 27 24 27 33 15
25 31 0 7 0 6 16 6 16 6
25 31 33 26 33 30 32 30 33 28
25 23 33 29 26 33 18 33 29 33
25 31 24 27 33 26 33 13 33 19
25 31 25 31 0 13 0 1 21 0
25 31 0 19 0 17 1 7 1 7
25 24 25 31 0 8 32 30 32 33
25 31 0 1 13 2 28 33 23 32
25 24 25 23 33 15 32 33 32 22
25 23 29 33 26 29 33 8 32 22
25 31 24 25 24 27 2 9 2 13
25 31 32 18 32 15 33 15 32 22
25 24 31 28 33 29 33 9 2 3
25 31 25 31 32 20 33 31 28 31
25 24 25 24 31 25 24 25 24 31
25 23 27 23 29 23 25 24 31 33
25 23 29 33 23 25 31 28 31 32
25 31 25 24 31 0 17 1 3 2
25 23 33 31 0 10 4 6 16 5
25 31 25 31 32 18 32 20 33 19
25 24 31 33 26 33 13 33 13 33
25 31 28 33 23 33 9 2 0 12
25 24 27 2 7 0 5 6 4 6
25 31 0 6 0 31 24 27 23 33
25 31 0 3 2 3 2 28 33 23
25 24 27 2 9 2 0 6 16 5
25 24 27 2 3 7 2 1 0 11
25 31 32 30 1 7 2 13 0 7
25 24 27 33 14 32 8 33 18 32
25 31 32 8 33 15 32 23 29 23
25 31 33 22 33 31 25 31 33 9
25 23 33 18 33 23 27 24 31 32
25 23 32 15 33 14 33 20 33 31
25 31 33 22 33 23 33 28 31 25
25 23 29 33 32 30 1 0 21 1
25 24 25 24 27 24 25 24 25 23
25 23 29 26 33 26 29 33 23 33
25 23 29 32 33 23 27 33 22 32
24 31 28 33 23 32 22 33 13 33
24 25 31 24 27 24 25 24 31 28
24 31 33 13 3 12 3 1 0 17
24 31 32 8 32 31 24 31 28 31
24 31 28 33 27 23 25 31 32 8
24 25 23 29 26 33 8 33 15 33
24 25 23 32 14 33 18 32 8 33
24 25 24 25 24 31 28 2 8 2
24 27 2 0 5 6 4 10 4 10
24 31 0 21 0 19 1 17 1 21
24 31 0 3 1 7 1 3 13 1
24 25 23 25 23 25 23 33 26 33
24 25 31 32 14 33 15 33 19 1
24 25 23 27 23 27 33 29 26 33
24 27 24 31 25 23 25 23 33 22
24 27 23 29 33 15 32 31 0 31
24 27 23 25 24 31 24 25 31 24
24 27 33 8 0 4 6 16 5 0
24 27 23 29 26 33 29 23 33 8
24 25 31 28 2 9 33 13 0 17
24 25 23 27 33 8 0 31 0 8
24 27 24 31 28 2 0 3 2 13
24 31 28 2 7 0 19 1 13 2
24 31 0 10 4 6 5 0 11 0
24 31 28 33 14 32 8 32 15 32
24 25 24 31 33 27 23 32 18 32
24 31 24 31 32 14 33 32 30 33
24 27 23 32 18 33 8 2 8 32
24 27 33 15 32 30 1 7 3 13
24 31 0 8 0 17 0 6 5 6
24 25 24 25 31 0 2 8 32 29
24 27 24 31 28 33 26 29 32 18
24 27 23 27 23 32 31 25 31 33
24 27 2 27 2 13 2 32 8 32
24 25 23 27 33 15 32 31 33 28
24 31 28 31 25 24 31 28 31 32
24 27 33 22 32 20 33 14 32 31
24 31 0 2 3 13 3 0 11 0
24 31 33 14 32 8 32 14 32 22
24 25 31 33 28 33 30 33 14 32
24 25 31 28 31 32 33 30 1 13
24 27 2 1 17 0 4 0 17 1
24 25 24 27 23 32 8 0 3 2
24 25 24 31 28 31 25 31 32 18
24 31 0 13 1 13 3 0 4 6
24 25 24 25 23 33 20 33 20 33
24 25 24 31 32 2 7 0 19 1
24 31 0 6 0 2 9 2 27 23
24 31 28 33 15 33 13 0 11 0
24 27 33 14 32 18 33 28 2 7
24 27 33 32 15 33 22 32 22 32
24 27 2 13 1 17 0 7 2 9
24 31 24 25 23 25 31 25 31 24
24 27 2 13 3 7 3 0 10 4
24 27 33 20 33 23 33 20 33 26
24 31 0 13 33 9 2 8 2 0
24 25 23 32 18 33 32 18 33 31
24 31 0 12 3 1 2 28 2 0
24 27 2 3 1 21 1 0 21 0
24 31 24 25 31 28 31 25 23 25
26 29 33 30 1 0 6 5 10 5
26 29 26 29 32 29 32 22 33 32
26 33 13 0 10 5 6 4 0 7
26 33 14 33 31 0 1 0 2 13
26 29 26 29 26 29 33 32 30 32
26 29 26 29 32 8 0 3 7 1
26 33 27 2 1 3 0 2 0 11
26 33 22 32 30 33 27 24 25 31
26 33 13 33 19 0 1 17 1 0
26 33 19 33 27 2 0 10 0 3
26 29 32 8 33 19 0 8 33 31
26 29 33 9 33 31 0 8 32 8
26 29 33 14 33 18 32 30 33 29
26 33 29 32 29 26 33 15 32 33
26 29 23 33 29 23 25 31 25 23
26 29 23 29 33 32 8 0 1 19
26 33 13 0 5 0 12 3 13 2
26 33 9 2 8 32 15 33 32 29
26 33 22 32 20 32 15 33 27 2
26 29 33 20 33 22 32 8 33 23
26 29 23 29 33 19 33 14 32 8
26 29 26 29 32 29 23 27 23 32
26 29 23 33 30 33 28 31 28 31
26 29 26 29 33 29 23 33 26 33
26 29 32 18 32 31 0 6 0 21
26 33 9 33 27 2 9 33 8 0
26 29 33 18 32 8 0 13 33 14
26 29 23 33 32 23 33 31 24 25
26 29 26 33 20 32 8 33 32 30
26 33 23 33 32 23 33 27 23 25
26 33 13 0 3 13 33 31 28 33
26 29 32 29 33 22 33 28 33 22
26 33 8 33 9 33 30 33 8 2
26 33 26 29 32 8 32 2 8 33
26 29 33 20 32 15 33 18 33 20
26 29 32 29 32 31 33 29 32 22
26 29 32 33 23 33 26 33 20 32
26 29 26 33 22 33 23 25 23 27
26 29 26 29 26 33 30 33 9 33
26 33 31 24 31 32 14 32 18 33
26 33 26 33 20 33 22 32 23 32
26 33 15 33 14 33 15 32 31 33
26 33 13 1 30 33 26 33 26 33
26 29 26 33 27 33 19 0 8 0
26 33 26 29 33 14 32 22 32 14
26 33 14 33 28 2 8 32 18 33
26 33 27 2 8 33 29 33 22 32
26 33 22 33 8 0 6 5 10 4
26 33 26 33 14 33 22 32 8 32
26 33 18 32 8 32 18 33 9 2
26 29 33 18 33 20 33 26 29 33
26 33 9 33 19 33 22 32 20 32
26 33 14 32 30 32 15 33 26 33
26 29 33 28 2 9 33 26 33 8
26 33 31 28 33 28 33 18 32 8
26 33 8 32 15 32 23 32 33 29
26 33 30 1 30 32 8 32 22 33
26 29 32 15 32 29 32 2 13 2
26 29 32 20 33 13 2 7 0 6
26 33 22 33 26 29 33 9 33 28
